1,1,1,268,134,91,1,-1,-1,-1
1,2,255,168,64,32,1,-1,-1,-1
1,0,280,228,158,128,1,-1,-1,-1
2,1,13,260,140,91,1,-1,-1,-1
2,2,248,168,65,33,1,-1,-1,-1
2,0,280,228,158,128,1,-1,-1,-1
3,1,25,253,146,91,1,-1,-1,-1
3,2,240,169,68,34,1,-1,-1,-1
3,0,280,228,158,128,1,-1,-1,-1
4,1,38,246,151,92,1,-1,-1,-1
4,2,233,169,70,35,1,-1,-1,-1
4,0,280,228,158,128,1,-1,-1,-1
5,1,50,240,158,91,1,-1,-1,-1
5,2,225,170,73,35,1,-1,-1,-1
5,0,280,228,158,128,1,-1,-1,-1
6,1,61,232,165,91,1,-1,-1,-1
6,2,218,170,75,36,1,-1,-1,-1
6,0,280,228,158,128,1,-1,-1,-1
7,1,74,225,170,91,1,-1,-1,-1
7,2,210,171,78,36,1,-1,-1,-1
7,0,280,228,158,128,1,-1,-1,-1
8,1,86,218,177,91,1,-1,-1,-1
8,2,203,171,80,37,1,-1,-1,-1
8,0,280,228,158,128,1,-1,-1,-1
9,1,99,212,182,91,1,-1,-1,-1
9,2,195,172,83,37,1,-1,-1,-1
9,0,280,228,158,128,1,-1,-1,-1
10,1,118,208,172,87,1,-1,-1,-1
10,2,188,173,85,39,1,-1,-1,-1
10,0,280,228,158,128,1,-1,-1,-1
11,1,136,206,164,82,1,-1,-1,-1
11,2,176,173,88,41,1,-1,-1,-1
11,0,280,228,158,128,1,-1,-1,-1
12,1,156,204,154,76,1,-1,-1,-1
12,2,165,173,90,44,1,-1,-1,-1
12,0,280,228,158,128,1,-1,-1,-1
13,1,175,201,144,72,1,-1,-1,-1
13,2,154,173,92,48,1,-1,-1,-1
13,0,280,228,158,128,1,-1,-1,-1
14,1,194,199,135,67,1,-1,-1,-1
14,2,144,173,95,51,1,-1,-1,-1
14,0,280,228,158,128,1,-1,-1,-1
15,1,214,197,125,62,1,-1,-1,-1
15,2,129,174,99,53,1,-1,-1,-1
15,0,280,228,158,128,1,-1,-1,-1
16,1,225,195,119,59,1,-1,-1,-1
16,2,114,177,102,55,1,-1,-1,-1
16,0,280,228,158,128,1,-1,-1,-1
17,1,236,192,113,58,1,-1,-1,-1
17,2,100,179,106,57,1,-1,-1,-1
17,0,280,228,158,128,1,-1,-1,-1
18,1,248,190,107,56,1,-1,-1,-1
18,2,85,180,110,60,1,-1,-1,-1
18,0,280,228,158,128,1,-1,-1,-1
19,1,260,189,100,53,1,-1,-1,-1
19,2,71,182,114,62,1,-1,-1,-1
19,0,280,228,158,128,1,-1,-1,-1
20,1,271,187,95,52,1,-1,-1,-1
20,2,56,185,119,64,1,-1,-1,-1
20,0,280,228,158,128,1,-1,-1,-1
21,1,283,185,88,49,1,-1,-1,-1
21,2,43,187,121,65,1,-1,-1,-1
21,0,280,228,158,128,1,-1,-1,-1
22,1,295,183,83,48,1,-1,-1,-1
22,2,28,189,126,68,1,-1,-1,-1
22,0,280,228,158,128,1,-1,-1,-1
23,1,300,182,80,45,1,-1,-1,-1
23,2,14,191,130,70,1,-1,-1,-1
23,0,280,228,158,128,1,-1,-1,-1
24,1,305,181,79,44,1,-1,-1,-1
24,2,11,195,114,68,1,-1,-1,-1
24,0,280,228,158,128,1,-1,-1,-1
25,1,311,180,75,43,1,-1,-1,-1
25,2,9,198,97,69,1,-1,-1,-1
25,0,280,228,158,128,1,-1,-1,-1
26,1,316,179,74,42,1,-1,-1,-1
26,2,6,203,82,67,1,-1,-1,-1
26,0,280,228,158,128,1,-1,-1,-1
27,1,323,178,71,40,1,-1,-1,-1
27,2,4,206,65,67,1,-1,-1,-1
27,0,280,228,158,128,1,-1,-1,-1
28,1,328,177,68,38,1,-1,-1,-1
28,2,1,209,49,68,1,-1,-1,-1
28,0,280,228,158,128,1,-1,-1,-1
29,1,333,176,67,37,1,-1,-1,-1
29,0,280,228,158,128,1,-1,-1,-1
30,1,339,174,64,36,1,-1,-1,-1
30,0,280,228,158,128,1,-1,-1,-1
31,1,344,173,62,35,1,-1,-1,-1
31,0,280,228,158,128,1,-1,-1,-1
32,1,350,173,60,33,1,-1,-1,-1
32,0,280,228,158,128,1,-1,-1,-1
33,1,353,172,57,33,1,-1,-1,-1
33,0,280,228,158,128,1,-1,-1,-1
34,1,355,172,56,32,1,-1,-1,-1
34,0,280,228,158,128,1,-1,-1,-1
35,1,358,171,55,32,1,-1,-1,-1
35,3,0,250,133,107,1,-1,-1,-1
35,0,280,228,158,128,1,-1,-1,-1
36,1,360,171,54,30,1,-1,-1,-1
36,3,10,243,143,106,1,-1,-1,-1
36,0,280,228,158,128,1,-1,-1,-1
37,1,363,170,52,30,1,-1,-1,-1
37,3,20,236,153,105,1,-1,-1,-1
37,0,280,228,158,128,1,-1,-1,-1
38,1,365,170,51,29,1,-1,-1,-1
38,3,30,230,163,104,1,-1,-1,-1
38,0,280,228,158,128,1,-1,-1,-1
39,1,369,169,49,29,1,-1,-1,-1
39,3,40,223,173,103,1,-1,-1,-1
39,0,280,228,158,128,1,-1,-1,-1
40,1,371,169,48,28,1,-1,-1,-1
40,3,50,216,183,104,1,-1,-1,-1
40,0,280,228,158,128,1,-1,-1,-1
41,1,374,168,46,28,1,-1,-1,-1
41,3,60,209,193,103,1,-1,-1,-1
41,0,280,228,158,128,1,-1,-1,-1
42,1,376,168,45,27,1,-1,-1,-1
42,3,71,204,202,101,1,-1,-1,-1
42,0,280,228,158,128,1,-1,-1,-1
43,1,379,167,44,27,1,-1,-1,-1
43,3,98,199,187,96,1,-1,-1,-1
43,0,280,228,158,128,1,-1,-1,-1
44,1,381,167,43,25,1,-1,-1,-1
44,3,124,195,174,91,1,-1,-1,-1
44,0,280,228,158,128,1,-1,-1,-1
45,1,385,167,40,24,1,-1,-1,-1
45,3,151,191,159,86,1,-1,-1,-1
45,0,280,228,158,128,1,-1,-1,-1
46,1,386,165,40,25,1,-1,-1,-1
46,3,169,189,150,81,1,-1,-1,-1
46,0,280,228,158,128,1,-1,-1,-1
47,1,389,165,39,24,1,-1,-1,-1
47,3,188,187,140,77,1,-1,-1,-1
47,0,280,228,158,128,1,-1,-1,-1
48,1,390,165,39,24,1,-1,-1,-1
48,3,206,185,130,74,1,-1,-1,-1
48,0,280,228,158,128,1,-1,-1,-1
49,1,393,165,37,23,1,-1,-1,-1
49,3,216,182,125,72,1,-1,-1,-1
49,0,280,228,158,128,1,-1,-1,-1
50,1,394,165,37,22,1,-1,-1,-1
50,3,228,181,118,69,1,-1,-1,-1
50,0,280,228,158,128,1,-1,-1,-1
51,1,396,165,37,22,1,-1,-1,-1
51,3,239,180,114,65,1,-1,-1,-1
51,0,280,228,158,128,1,-1,-1,-1
52,1,398,164,36,22,1,-1,-1,-1
52,3,250,179,108,62,1,-1,-1,-1
52,0,280,228,158,128,1,-1,-1,-1
53,1,400,164,35,21,1,-1,-1,-1
53,3,261,178,103,58,1,-1,-1,-1
53,0,280,228,158,128,1,-1,-1,-1
54,1,401,164,35,21,1,-1,-1,-1
54,3,269,177,97,56,1,-1,-1,-1
54,0,280,228,158,128,1,-1,-1,-1
55,1,404,164,34,19,1,-1,-1,-1
55,3,276,176,94,54,1,-1,-1,-1
55,0,280,228,158,128,1,-1,-1,-1
56,1,405,164,34,18,1,-1,-1,-1
56,3,284,174,90,52,1,-1,-1,-1
56,0,280,228,158,128,1,-1,-1,-1
57,1,408,164,32,18,1,-1,-1,-1
57,3,291,173,87,51,1,-1,-1,-1
57,0,280,228,158,128,1,-1,-1,-1
58,1,409,163,31,18,1,-1,-1,-1
58,3,299,172,82,49,1,-1,-1,-1
58,0,280,228,158,128,1,-1,-1,-1
59,1,411,163,30,17,1,-1,-1,-1
59,3,306,171,78,46,1,-1,-1,-1
59,0,280,228,158,128,1,-1,-1,-1
60,1,413,162,30,18,1,-1,-1,-1
60,3,314,170,74,45,1,-1,-1,-1
60,0,280,228,158,128,1,-1,-1,-1
61,1,415,162,29,17,1,-1,-1,-1
61,3,321,169,70,43,1,-1,-1,-1
61,0,280,228,158,128,1,-1,-1,-1
62,1,418,162,27,17,1,-1,-1,-1
62,3,329,168,66,40,1,-1,-1,-1
62,0,280,228,158,128,1,-1,-1,-1
63,1,418,161,27,17,1,-1,-1,-1
63,3,336,167,63,39,1,-1,-1,-1
63,0,280,228,158,128,1,-1,-1,-1
64,1,419,161,26,17,1,-1,-1,-1
64,3,340,167,60,39,1,-1,-1,-1
64,0,280,228,158,128,1,-1,-1,-1
65,1,420,161,26,17,1,-1,-1,-1
65,3,344,167,59,39,1,-1,-1,-1
65,0,280,228,158,128,1,-1,-1,-1
66,1,421,161,25,17,1,-1,-1,-1
66,3,348,167,56,39,1,-1,-1,-1
66,0,280,228,158,128,1,-1,-1,-1
67,1,423,161,23,16,1,-1,-1,-1
67,3,353,167,53,39,1,-1,-1,-1
67,0,280,228,158,128,1,-1,-1,-1
68,1,424,161,24,16,1,-1,-1,-1
68,3,355,165,54,39,1,-1,-1,-1
68,0,280,228,158,128,1,-1,-1,-1
69,1,425,161,23,16,1,-1,-1,-1
69,3,359,165,52,36,1,-1,-1,-1
69,0,280,228,158,128,1,-1,-1,-1
70,1,426,161,23,16,1,-1,-1,-1
70,3,363,165,51,34,1,-1,-1,-1
70,0,280,228,158,128,1,-1,-1,-1
71,1,426,160,23,16,1,-1,-1,-1
71,3,366,165,50,32,1,-1,-1,-1
71,0,280,228,158,128,1,-1,-1,-1
72,1,428,159,22,15,1,-1,-1,-1
72,3,370,165,49,30,1,-1,-1,-1
72,0,280,228,158,128,1,-1,-1,-1
73,1,428,159,22,15,1,-1,-1,-1
73,3,371,163,49,31,1,-1,-1,-1
73,0,280,228,158,128,1,-1,-1,-1
74,1,429,158,22,15,1,-1,-1,-1
74,3,374,162,47,32,1,-1,-1,-1
74,5,416,151,25,11,1,-1,-1,-1
74,0,280,228,158,128,1,-1,-1,-1
75,1,430,158,23,15,1,-1,-1,-1
75,3,375,161,48,33,1,-1,-1,-1
75,5,416,151,23,12,1,-1,-1,-1
75,0,280,228,158,128,1,-1,-1,-1
76,1,430,158,23,15,1,-1,-1,-1
76,3,378,160,46,34,1,-1,-1,-1
76,5,416,152,22,13,1,-1,-1,-1
76,0,280,228,158,128,1,-1,-1,-1
77,1,431,158,23,15,1,-1,-1,-1
77,3,379,160,46,32,1,-1,-1,-1
77,5,416,153,20,15,1,-1,-1,-1
77,0,280,228,158,128,1,-1,-1,-1
78,1,433,158,22,15,1,-1,-1,-1
78,3,381,160,45,31,1,-1,-1,-1
78,5,415,153,20,15,1,-1,-1,-1
78,0,280,228,158,128,1,-1,-1,-1
79,1,433,158,22,15,1,-1,-1,-1
79,3,384,161,44,29,1,-1,-1,-1
79,5,414,153,20,15,1,-1,-1,-1
79,0,280,228,158,128,1,-1,-1,-1
80,1,434,158,22,15,1,-1,-1,-1
80,3,386,161,43,28,1,-1,-1,-1
80,5,413,153,20,15,1,-1,-1,-1
80,0,280,228,158,128,1,-1,-1,-1
81,3,389,162,42,27,1,-1,-1,-1
81,5,411,153,20,15,1,-1,-1,-1
81,0,280,228,158,128,1,-1,-1,-1
82,3,390,161,43,27,1,-1,-1,-1
82,5,411,153,20,15,1,-1,-1,-1
82,0,280,228,158,128,1,-1,-1,-1
83,3,393,161,41,27,1,-1,-1,-1
83,5,410,153,20,15,1,-1,-1,-1
83,0,280,228,158,128,1,-1,-1,-1
84,3,395,160,40,27,1,-1,-1,-1
84,5,409,153,20,15,1,-1,-1,-1
84,0,280,228,158,128,1,-1,-1,-1
85,3,398,160,38,27,1,-1,-1,-1
85,5,408,153,20,15,1,-1,-1,-1
85,0,280,228,158,128,1,-1,-1,-1
86,3,399,159,37,27,1,-1,-1,-1
86,5,408,153,20,15,1,-1,-1,-1
86,0,280,228,158,128,1,-1,-1,-1
87,3,401,159,37,26,1,-1,-1,-1
87,5,406,153,20,15,1,-1,-1,-1
87,0,280,228,158,128,1,-1,-1,-1
88,3,404,158,34,25,1,-1,-1,-1
88,5,405,153,20,15,1,-1,-1,-1
88,0,280,228,158,128,1,-1,-1,-1
89,3,406,158,33,24,1,-1,-1,-1
89,5,404,153,21,15,1,-1,-1,-1
89,0,280,228,158,128,1,-1,-1,-1
90,3,408,158,32,23,1,-1,-1,-1
90,5,403,153,21,15,1,-1,-1,-1
90,0,280,228,158,128,1,-1,-1,-1
91,3,410,156,30,24,1,-1,-1,-1
91,5,401,153,23,15,1,-1,-1,-1
91,0,280,228,158,128,1,-1,-1,-1
92,3,413,156,28,23,1,-1,-1,-1
92,5,400,153,23,15,1,-1,-1,-1
92,0,280,228,158,128,1,-1,-1,-1
93,3,415,156,28,23,1,-1,-1,-1
93,5,399,154,24,15,1,-1,-1,-1
93,0,280,228,158,128,1,-1,-1,-1
94,3,415,156,28,23,1,-1,-1,-1
94,5,398,154,23,15,1,-1,-1,-1
94,0,280,228,158,128,1,-1,-1,-1
95,3,416,156,28,23,1,-1,-1,-1
95,4,0,286,59,72,1,-1,-1,-1
95,5,396,154,24,15,1,-1,-1,-1
95,0,280,228,158,128,1,-1,-1,-1
96,3,416,156,28,23,1,-1,-1,-1
96,4,0,269,88,89,1,-1,-1,-1
96,5,395,154,25,15,1,-1,-1,-1
96,0,280,228,158,128,1,-1,-1,-1
97,3,418,156,27,23,1,-1,-1,-1
97,4,0,253,118,105,1,-1,-1,-1
97,5,394,154,25,15,1,-1,-1,-1
97,0,280,228,158,128,1,-1,-1,-1
98,3,418,156,27,23,1,-1,-1,-1
98,4,0,236,146,122,1,-1,-1,-1
98,5,393,154,26,15,1,-1,-1,-1
98,0,280,228,158,128,1,-1,-1,-1
99,3,419,158,27,21,1,-1,-1,-1
99,4,0,221,176,138,1,-1,-1,-1
99,5,391,154,27,15,1,-1,-1,-1
99,0,280,228,158,128,1,-1,-1,-1
100,3,419,156,27,22,1,-1,-1,-1
100,4,1,213,194,134,1,-1,-1,-1
100,5,391,155,27,15,1,-1,-1,-1
100,0,280,228,158,128,1,-1,-1,-1
101,3,420,156,28,22,1,-1,-1,-1
101,4,3,205,211,130,1,-1,-1,-1
101,5,390,155,26,15,1,-1,-1,-1
101,0,280,228,158,128,1,-1,-1,-1
102,3,421,156,27,21,1,-1,-1,-1
102,4,4,198,230,126,1,-1,-1,-1
102,5,389,155,27,15,1,-1,-1,-1
102,0,280,228,158,128,1,-1,-1,-1
103,3,423,156,26,21,1,-1,-1,-1
103,4,28,196,217,118,1,-1,-1,-1
103,5,388,155,27,15,1,-1,-1,-1
103,0,280,228,158,128,1,-1,-1,-1
104,3,424,156,26,21,1,-1,-1,-1
104,4,53,194,203,110,1,-1,-1,-1
104,5,386,155,29,15,1,-1,-1,-1
104,0,280,228,158,128,1,-1,-1,-1
105,3,425,155,25,21,1,-1,-1,-1
105,4,78,191,190,104,1,-1,-1,-1
105,5,385,155,29,15,1,-1,-1,-1
105,0,280,228,158,128,1,-1,-1,-1
106,3,426,155,25,21,1,-1,-1,-1
106,4,101,190,179,95,1,-1,-1,-1
106,5,385,155,29,15,1,-1,-1,-1
106,0,280,228,158,128,1,-1,-1,-1
107,3,428,155,25,21,1,-1,-1,-1
107,4,126,188,165,88,1,-1,-1,-1
107,5,384,155,29,15,1,-1,-1,-1
107,0,280,228,158,128,1,-1,-1,-1
108,3,429,155,24,19,1,-1,-1,-1
108,4,151,186,152,80,1,-1,-1,-1
108,5,383,155,30,15,1,-1,-1,-1
108,0,280,228,158,128,1,-1,-1,-1
109,3,430,155,24,19,1,-1,-1,-1
109,4,176,185,139,72,1,-1,-1,-1
109,5,381,155,30,15,1,-1,-1,-1
109,0,280,228,158,128,1,-1,-1,-1
110,3,431,155,24,19,1,-1,-1,-1
110,4,191,182,132,71,1,-1,-1,-1
110,5,380,155,31,15,1,-1,-1,-1
110,0,280,228,158,128,1,-1,-1,-1
111,3,431,154,24,19,1,-1,-1,-1
111,4,206,180,124,70,1,-1,-1,-1
111,5,379,155,31,15,1,-1,-1,-1
111,0,280,228,158,128,1,-1,-1,-1
112,3,433,154,22,19,1,-1,-1,-1
112,4,223,179,115,67,1,-1,-1,-1
112,5,379,155,31,16,1,-1,-1,-1
112,0,280,228,158,128,1,-1,-1,-1
113,3,434,154,22,18,1,-1,-1,-1
113,4,234,177,110,64,1,-1,-1,-1
113,5,376,155,32,16,1,-1,-1,-1
113,0,280,228,158,128,1,-1,-1,-1
114,3,434,154,22,18,1,-1,-1,-1
114,4,246,176,105,60,1,-1,-1,-1
114,5,374,155,32,16,1,-1,-1,-1
114,0,280,228,158,128,1,-1,-1,-1
115,3,435,154,23,18,1,-1,-1,-1
115,4,259,174,100,58,1,-1,-1,-1
115,5,371,155,34,16,1,-1,-1,-1
115,0,280,228,158,128,1,-1,-1,-1
116,3,436,154,22,17,1,-1,-1,-1
116,4,265,173,98,55,1,-1,-1,-1
116,5,369,155,34,16,1,-1,-1,-1
116,0,280,228,158,128,1,-1,-1,-1
117,3,438,154,21,17,1,-1,-1,-1
117,4,273,172,93,54,1,-1,-1,-1
117,5,366,155,35,16,1,-1,-1,-1
117,0,280,228,158,128,1,-1,-1,-1
118,3,438,154,21,17,1,-1,-1,-1
118,4,280,171,90,53,1,-1,-1,-1
118,5,364,155,36,16,1,-1,-1,-1
118,0,280,228,158,128,1,-1,-1,-1
119,3,439,154,20,16,1,-1,-1,-1
119,4,288,170,86,51,1,-1,-1,-1
119,5,361,155,37,16,1,-1,-1,-1
119,0,280,228,158,128,1,-1,-1,-1
120,3,440,154,20,16,1,-1,-1,-1
120,4,294,170,85,48,1,-1,-1,-1
120,5,359,155,37,16,1,-1,-1,-1
120,0,280,228,158,128,1,-1,-1,-1
121,3,440,154,20,16,1,-1,-1,-1
121,4,301,169,82,47,1,-1,-1,-1
121,5,356,155,39,16,1,-1,-1,-1
121,0,280,228,158,128,1,-1,-1,-1
122,3,441,154,20,15,1,-1,-1,-1
122,4,309,168,77,45,1,-1,-1,-1
122,5,354,155,39,16,1,-1,-1,-1
122,0,280,228,158,128,1,-1,-1,-1
123,3,443,154,18,15,1,-1,-1,-1
123,4,316,167,74,43,1,-1,-1,-1
123,5,351,155,40,16,1,-1,-1,-1
123,0,280,228,158,128,1,-1,-1,-1
124,4,324,167,71,41,1,-1,-1,-1
124,5,350,156,40,16,1,-1,-1,-1
124,0,280,228,158,128,1,-1,-1,-1
125,4,329,165,67,41,1,-1,-1,-1
125,5,345,155,41,17,1,-1,-1,-1
125,0,280,228,158,128,1,-1,-1,-1
126,4,334,164,64,40,1,-1,-1,-1
126,5,341,155,43,18,1,-1,-1,-1
126,0,280,228,158,128,1,-1,-1,-1
127,4,339,163,60,38,1,-1,-1,-1
127,5,338,155,42,18,1,-1,-1,-1
127,0,280,228,158,128,1,-1,-1,-1
128,4,345,163,56,37,1,-1,-1,-1
128,5,334,155,44,19,1,-1,-1,-1
128,0,280,228,158,128,1,-1,-1,-1
129,4,348,162,55,37,1,-1,-1,-1
129,5,330,154,44,20,1,-1,-1,-1
129,0,280,228,158,128,1,-1,-1,-1
130,4,351,162,54,36,1,-1,-1,-1
130,5,326,154,45,22,1,-1,-1,-1
130,0,280,228,158,128,1,-1,-1,-1
131,4,354,162,54,35,1,-1,-1,-1
131,5,323,154,45,22,1,-1,-1,-1
131,0,280,228,158,128,1,-1,-1,-1
132,4,358,162,52,35,1,-1,-1,-1
132,5,319,154,46,23,1,-1,-1,-1
132,0,280,228,158,128,1,-1,-1,-1
133,4,360,162,53,34,1,-1,-1,-1
133,5,311,154,49,23,1,-1,-1,-1
133,0,280,228,158,128,1,-1,-1,-1
134,4,364,161,50,34,1,-1,-1,-1
134,5,304,154,51,23,1,-1,-1,-1
134,0,280,228,158,128,1,-1,-1,-1
135,4,366,161,50,33,1,-1,-1,-1
135,5,296,154,54,24,1,-1,-1,-1
135,0,280,228,158,128,1,-1,-1,-1
136,4,370,161,49,33,1,-1,-1,-1
136,5,289,154,56,24,1,-1,-1,-1
136,0,280,228,158,128,1,-1,-1,-1
137,4,374,161,47,31,1,-1,-1,-1
137,5,281,154,59,24,1,-1,-1,-1
137,0,280,228,158,128,1,-1,-1,-1
138,4,376,161,48,30,1,-1,-1,-1
138,5,275,154,61,25,1,-1,-1,-1
138,0,280,228,158,128,1,-1,-1,-1
139,4,380,160,45,30,1,-1,-1,-1
139,5,268,154,61,25,1,-1,-1,-1
139,0,280,228,158,128,1,-1,-1,-1
140,4,383,160,45,30,1,-1,-1,-1
140,5,260,154,61,25,1,-1,-1,-1
140,0,280,228,158,128,1,-1,-1,-1
141,4,386,160,44,29,1,-1,-1,-1
141,5,253,154,61,25,1,-1,-1,-1
141,0,280,228,158,128,1,-1,-1,-1
142,4,389,160,44,28,1,-1,-1,-1
142,5,245,154,61,25,1,-1,-1,-1
142,0,280,228,158,128,1,-1,-1,-1
143,4,393,160,42,27,1,-1,-1,-1
143,5,238,154,61,25,1,-1,-1,-1
143,0,280,228,158,128,1,-1,-1,-1
144,4,396,160,42,27,1,-1,-1,-1
144,5,230,154,61,25,1,-1,-1,-1
144,0,280,228,158,128,1,-1,-1,-1
145,4,398,159,40,27,1,-1,-1,-1
145,5,223,154,61,25,1,-1,-1,-1
145,6,369,159,27,17,1,-1,-1,-1
145,0,280,228,158,128,1,-1,-1,-1
146,4,400,159,38,27,1,-1,-1,-1
146,5,215,154,61,25,1,-1,-1,-1
146,6,366,159,28,17,1,-1,-1,-1
146,0,280,228,158,128,1,-1,-1,-1
147,4,401,159,38,26,1,-1,-1,-1
147,5,208,154,61,25,1,-1,-1,-1
147,6,364,159,27,17,1,-1,-1,-1
147,0,280,228,158,128,1,-1,-1,-1
148,4,404,159,35,26,1,-1,-1,-1
148,5,201,154,62,25,1,-1,-1,-1
148,6,361,159,28,18,1,-1,-1,-1
148,0,280,228,158,128,1,-1,-1,-1
149,4,406,159,34,26,1,-1,-1,-1
149,5,188,153,63,26,1,-1,-1,-1
149,6,359,159,27,18,1,-1,-1,-1
149,0,280,228,158,128,1,-1,-1,-1
150,4,408,158,32,25,1,-1,-1,-1
150,5,175,153,66,26,1,-1,-1,-1
150,6,356,160,29,18,1,-1,-1,-1
150,0,280,228,158,128,1,-1,-1,-1
151,4,409,158,32,25,1,-1,-1,-1
151,5,161,153,70,26,1,-1,-1,-1
151,6,353,160,30,18,1,-1,-1,-1
151,0,280,228,158,128,1,-1,-1,-1
152,4,410,158,33,24,1,-1,-1,-1
152,5,149,153,72,26,1,-1,-1,-1
152,6,350,160,30,18,1,-1,-1,-1
152,0,280,228,158,128,1,-1,-1,-1
153,4,411,158,33,24,1,-1,-1,-1
153,5,135,153,76,26,1,-1,-1,-1
153,6,348,160,31,19,1,-1,-1,-1
153,0,280,228,158,128,1,-1,-1,-1
154,4,413,158,32,23,1,-1,-1,-1
154,5,123,152,78,27,1,-1,-1,-1
154,6,345,160,31,19,1,-1,-1,-1
154,0,280,228,158,128,1,-1,-1,-1
155,4,414,158,32,23,1,-1,-1,-1
155,5,109,152,82,27,1,-1,-1,-1
155,6,341,160,33,19,1,-1,-1,-1
155,0,280,228,158,128,1,-1,-1,-1
156,4,416,156,30,24,1,-1,-1,-1
156,5,96,152,85,27,1,-1,-1,-1
156,6,339,160,34,20,1,-1,-1,-1
156,0,280,228,158,128,1,-1,-1,-1
157,4,418,156,30,24,1,-1,-1,-1
157,5,83,152,88,27,1,-1,-1,-1
157,6,336,160,34,20,1,-1,-1,-1
157,0,280,228,158,128,1,-1,-1,-1
158,4,419,156,30,23,1,-1,-1,-1
158,5,70,152,91,27,1,-1,-1,-1
158,6,334,161,35,20,1,-1,-1,-1
158,0,280,228,158,128,1,-1,-1,-1
159,4,420,156,30,23,1,-1,-1,-1
159,5,55,152,91,27,1,-1,-1,-1
159,6,329,161,36,21,1,-1,-1,-1
159,0,280,228,158,128,1,-1,-1,-1
160,4,421,156,30,22,1,-1,-1,-1
160,5,41,152,90,27,1,-1,-1,-1
160,6,324,162,39,21,1,-1,-1,-1
160,0,280,228,158,128,1,-1,-1,-1
161,4,423,156,30,22,1,-1,-1,-1
161,5,28,152,88,28,1,-1,-1,-1
161,6,319,162,41,23,1,-1,-1,-1
161,0,280,228,158,128,1,-1,-1,-1
162,4,425,156,29,22,1,-1,-1,-1
162,5,14,152,87,28,1,-1,-1,-1
162,6,315,163,43,23,1,-1,-1,-1
162,0,280,228,158,128,1,-1,-1,-1
163,4,425,155,29,22,1,-1,-1,-1
163,5,0,152,86,29,1,-1,-1,-1
163,6,310,164,44,23,1,-1,-1,-1
163,0,280,228,158,128,1,-1,-1,-1
164,4,426,155,28,22,1,-1,-1,-1
164,5,0,151,70,30,1,-1,-1,-1
164,6,305,164,46,24,1,-1,-1,-1
164,0,280,228,158,128,1,-1,-1,-1
165,4,428,155,27,22,1,-1,-1,-1
165,5,0,151,54,30,1,-1,-1,-1
165,6,300,165,49,24,1,-1,-1,-1
165,0,280,228,158,128,1,-1,-1,-1
166,4,429,155,26,22,1,-1,-1,-1
166,5,0,151,38,30,1,-1,-1,-1
166,6,296,167,50,24,1,-1,-1,-1
166,0,280,228,158,128,1,-1,-1,-1
167,4,429,155,27,21,1,-1,-1,-1
167,6,289,167,52,25,1,-1,-1,-1
167,0,280,228,158,128,1,-1,-1,-1
168,4,430,154,26,22,1,-1,-1,-1
168,6,281,168,55,26,1,-1,-1,-1
168,0,280,228,158,128,1,-1,-1,-1
169,4,431,154,27,22,1,-1,-1,-1
169,6,274,169,57,26,1,-1,-1,-1
169,7,268,143,23,21,1,-1,-1,-1
169,0,280,228,158,128,1,-1,-1,-1
170,4,433,154,25,22,1,-1,-1,-1
170,6,266,170,60,27,1,-1,-1,-1
170,7,266,143,25,21,1,-1,-1,-1
170,0,280,228,158,128,1,-1,-1,-1
171,4,433,154,26,20,1,-1,-1,-1
171,6,259,171,62,27,1,-1,-1,-1
171,7,266,143,25,21,1,-1,-1,-1
171,0,280,228,158,128,1,-1,-1,-1
172,4,434,154,25,20,1,-1,-1,-1
172,6,251,172,65,27,1,-1,-1,-1
172,7,266,143,25,21,1,-1,-1,-1
172,0,280,228,158,128,1,-1,-1,-1
173,4,435,154,25,20,1,-1,-1,-1
173,6,244,173,67,27,1,-1,-1,-1
173,7,265,143,26,21,1,-1,-1,-1
173,0,280,228,158,128,1,-1,-1,-1
174,4,436,153,24,21,1,-1,-1,-1
174,6,238,174,70,29,1,-1,-1,-1
174,7,265,143,26,21,1,-1,-1,-1
174,0,280,228,158,128,1,-1,-1,-1
175,4,436,153,25,20,1,-1,-1,-1
175,6,223,174,75,32,1,-1,-1,-1
175,7,265,143,26,21,1,-1,-1,-1
175,0,280,228,158,128,1,-1,-1,-1
176,4,438,153,23,20,1,-1,-1,-1
176,6,208,176,80,33,1,-1,-1,-1
176,7,264,143,27,21,1,-1,-1,-1
176,0,280,228,158,128,1,-1,-1,-1
177,4,439,153,24,20,1,-1,-1,-1
177,6,193,177,85,36,1,-1,-1,-1
177,7,264,143,27,21,1,-1,-1,-1
177,0,280,228,158,128,1,-1,-1,-1
178,4,440,153,23,20,1,-1,-1,-1
178,6,178,178,90,39,1,-1,-1,-1
178,7,264,143,27,21,1,-1,-1,-1
178,0,280,228,158,128,1,-1,-1,-1
179,6,164,179,94,42,1,-1,-1,-1
179,7,264,143,27,21,1,-1,-1,-1
179,0,280,228,158,128,1,-1,-1,-1
180,6,149,179,99,45,1,-1,-1,-1
180,7,263,143,28,21,1,-1,-1,-1
180,0,280,228,158,128,1,-1,-1,-1
181,6,134,180,104,48,1,-1,-1,-1
181,7,263,143,30,21,1,-1,-1,-1
181,0,280,228,158,128,1,-1,-1,-1
182,6,119,181,109,51,1,-1,-1,-1
182,7,263,143,30,21,1,-1,-1,-1
182,0,280,228,158,128,1,-1,-1,-1
183,6,104,182,114,53,1,-1,-1,-1
183,7,261,143,32,21,1,-1,-1,-1
183,0,280,228,158,128,1,-1,-1,-1
184,6,90,183,118,57,1,-1,-1,-1
184,7,261,143,32,21,1,-1,-1,-1
184,0,280,228,158,128,1,-1,-1,-1
185,6,61,187,128,59,1,-1,-1,-1
185,7,261,143,32,21,1,-1,-1,-1
185,0,280,228,158,128,1,-1,-1,-1
186,6,33,190,137,63,1,-1,-1,-1
186,7,261,143,32,21,1,-1,-1,-1
186,0,280,228,158,128,1,-1,-1,-1
187,6,5,194,148,66,1,-1,-1,-1
187,7,260,143,33,21,1,-1,-1,-1
187,0,280,228,158,128,1,-1,-1,-1
188,6,4,196,125,70,1,-1,-1,-1
188,7,260,143,33,21,1,-1,-1,-1
188,0,280,228,158,128,1,-1,-1,-1
189,6,3,198,102,73,1,-1,-1,-1
189,7,260,143,33,21,1,-1,-1,-1
189,0,280,228,158,128,1,-1,-1,-1
190,6,1,200,80,77,1,-1,-1,-1
190,7,259,143,34,21,1,-1,-1,-1
190,0,280,228,158,128,1,-1,-1,-1
191,7,259,143,34,21,1,-1,-1,-1
191,0,280,228,158,128,1,-1,-1,-1
192,7,259,143,34,21,1,-1,-1,-1
192,0,280,228,158,128,1,-1,-1,-1
193,7,259,143,35,21,1,-1,-1,-1
193,0,280,228,158,128,1,-1,-1,-1
194,7,256,142,35,21,1,-1,-1,-1
194,0,280,228,158,128,1,-1,-1,-1
195,7,254,142,35,21,1,-1,-1,-1
195,0,280,228,158,128,1,-1,-1,-1
196,7,251,142,35,21,1,-1,-1,-1
196,0,280,228,158,128,1,-1,-1,-1
197,7,249,142,35,21,1,-1,-1,-1
197,0,280,228,158,128,1,-1,-1,-1
198,7,246,142,35,21,1,-1,-1,-1
198,0,280,228,158,128,1,-1,-1,-1
199,7,245,142,35,21,1,-1,-1,-1
199,0,280,228,158,128,1,-1,-1,-1
200,7,241,142,37,21,1,-1,-1,-1
200,0,280,228,158,128,1,-1,-1,-1
201,7,239,142,37,22,1,-1,-1,-1
201,0,280,228,158,128,1,-1,-1,-1
202,7,235,142,39,22,1,-1,-1,-1
202,0,280,228,158,128,1,-1,-1,-1
203,7,233,142,40,23,1,-1,-1,-1
203,0,280,228,158,128,1,-1,-1,-1
204,7,229,142,41,23,1,-1,-1,-1
204,0,280,228,158,128,1,-1,-1,-1
205,7,226,142,43,25,1,-1,-1,-1
205,0,280,228,158,128,1,-1,-1,-1
206,7,223,142,43,25,1,-1,-1,-1
206,0,280,228,158,128,1,-1,-1,-1
207,7,220,142,45,26,1,-1,-1,-1
207,0,280,228,158,128,1,-1,-1,-1
208,7,218,142,46,27,1,-1,-1,-1
208,0,280,228,158,128,1,-1,-1,-1
209,7,215,141,46,27,1,-1,-1,-1
209,0,280,228,158,128,1,-1,-1,-1
210,7,213,141,46,27,1,-1,-1,-1
210,0,280,228,158,128,1,-1,-1,-1
211,7,210,141,46,27,1,-1,-1,-1
211,0,280,228,158,128,1,-1,-1,-1
212,7,208,141,46,27,1,-1,-1,-1
212,0,280,228,158,128,1,-1,-1,-1
213,7,205,141,46,27,1,-1,-1,-1
213,0,280,228,158,128,1,-1,-1,-1
214,7,203,140,46,27,1,-1,-1,-1
214,0,280,228,158,128,1,-1,-1,-1
215,7,200,140,46,27,1,-1,-1,-1
215,0,280,228,158,128,1,-1,-1,-1
216,7,198,140,46,27,1,-1,-1,-1
216,0,280,228,158,128,1,-1,-1,-1
217,7,195,140,46,27,1,-1,-1,-1
217,0,280,228,158,128,1,-1,-1,-1
218,7,193,140,46,27,1,-1,-1,-1
218,0,280,228,158,128,1,-1,-1,-1
219,7,190,140,46,27,1,-1,-1,-1
219,0,280,228,158,128,1,-1,-1,-1
220,7,185,138,48,29,1,-1,-1,-1
220,0,280,228,158,128,1,-1,-1,-1
221,7,180,138,50,29,1,-1,-1,-1
221,0,280,228,158,128,1,-1,-1,-1
222,7,176,138,50,30,1,-1,-1,-1
222,0,280,228,158,128,1,-1,-1,-1
223,7,171,138,53,30,1,-1,-1,-1
223,0,280,228,158,128,1,-1,-1,-1
224,7,168,138,52,31,1,-1,-1,-1
224,0,280,228,158,128,1,-1,-1,-1
225,7,163,138,55,31,1,-1,-1,-1
225,0,280,228,158,128,1,-1,-1,-1
226,7,159,138,56,32,1,-1,-1,-1
226,0,280,228,158,128,1,-1,-1,-1
227,7,154,138,57,32,1,-1,-1,-1
227,0,280,228,158,128,1,-1,-1,-1
228,7,149,138,60,32,1,-1,-1,-1
228,0,280,228,158,128,1,-1,-1,-1
229,7,145,138,60,33,1,-1,-1,-1
229,0,280,228,158,128,1,-1,-1,-1
230,7,140,138,63,33,1,-1,-1,-1
230,0,280,228,158,128,1,-1,-1,-1
231,7,136,138,63,34,1,-1,-1,-1
231,0,280,228,158,128,1,-1,-1,-1
232,7,131,138,65,34,1,-1,-1,-1
232,0,280,228,158,128,1,-1,-1,-1
233,7,128,138,66,35,1,-1,-1,-1
233,0,280,228,158,128,1,-1,-1,-1
234,7,121,138,68,35,1,-1,-1,-1
234,0,280,228,158,128,1,-1,-1,-1
235,7,115,138,69,35,1,-1,-1,-1
235,0,280,228,158,128,1,-1,-1,-1
236,7,110,138,69,36,1,-1,-1,-1
236,0,280,228,158,128,1,-1,-1,-1
237,7,104,138,70,36,1,-1,-1,-1
237,0,280,228,158,128,1,-1,-1,-1
238,7,98,138,72,36,1,-1,-1,-1
238,0,280,228,158,128,1,-1,-1,-1
239,7,93,138,72,38,1,-1,-1,-1
239,0,280,228,158,128,1,-1,-1,-1
240,7,86,138,74,38,1,-1,-1,-1
240,0,280,228,158,128,1,-1,-1,-1
241,7,80,138,75,38,1,-1,-1,-1
241,0,280,228,158,128,1,-1,-1,-1
242,7,75,138,76,39,1,-1,-1,-1
242,0,280,228,158,128,1,-1,-1,-1
243,7,66,137,79,39,1,-1,-1,-1
243,0,280,228,158,128,1,-1,-1,-1
244,7,59,137,81,39,1,-1,-1,-1
244,0,280,228,158,128,1,-1,-1,-1
245,7,51,137,84,39,1,-1,-1,-1
245,0,280,228,158,128,1,-1,-1,-1
246,7,44,137,86,39,1,-1,-1,-1
246,0,280,228,158,128,1,-1,-1,-1
247,7,36,136,88,38,1,-1,-1,-1
247,0,280,228,158,128,1,-1,-1,-1
248,7,29,136,90,38,1,-1,-1,-1
248,0,280,228,158,128,1,-1,-1,-1
249,7,21,136,93,38,1,-1,-1,-1
249,0,280,228,158,128,1,-1,-1,-1
250,7,14,136,95,38,1,-1,-1,-1
250,0,280,228,158,128,1,-1,-1,-1
251,7,11,135,90,39,1,-1,-1,-1
251,0,280,228,158,128,1,-1,-1,-1
252,7,10,135,84,39,1,-1,-1,-1
252,0,280,228,158,128,1,-1,-1,-1
253,7,9,135,77,41,1,-1,-1,-1
253,0,280,228,158,128,1,-1,-1,-1
254,7,8,134,71,42,1,-1,-1,-1
254,0,280,228,158,128,1,-1,-1,-1
255,7,5,134,66,43,1,-1,-1,-1
255,0,280,228,158,128,1,-1,-1,-1
256,7,4,134,60,43,1,-1,-1,-1
256,0,280,228,158,128,1,-1,-1,-1
257,7,3,133,53,45,1,-1,-1,-1
257,0,280,228,158,128,1,-1,-1,-1
258,7,1,133,48,45,1,-1,-1,-1
258,0,280,228,158,128,1,-1,-1,-1
259,0,280,228,158,128,1,-1,-1,-1
260,0,280,228,158,128,1,-1,-1,-1
261,0,280,228,158,128,1,-1,-1,-1
262,0,280,228,158,128,1,-1,-1,-1
263,0,280,228,158,128,1,-1,-1,-1
264,0,280,228,158,128,1,-1,-1,-1
265,8,509,174,90,34,1,-1,-1,-1
265,0,280,228,158,128,1,-1,-1,-1
266,8,500,173,91,34,1,-1,-1,-1
266,0,280,228,158,128,1,-1,-1,-1
267,8,493,173,91,34,1,-1,-1,-1
267,0,280,228,158,128,1,-1,-1,-1
268,8,485,173,91,34,1,-1,-1,-1
268,0,280,228,158,128,1,-1,-1,-1
269,8,476,173,93,34,1,-1,-1,-1
269,0,280,228,158,128,1,-1,-1,-1
270,8,469,173,92,34,1,-1,-1,-1
270,0,280,228,158,128,1,-1,-1,-1
271,8,461,173,94,34,1,-1,-1,-1
271,0,280,228,158,128,1,-1,-1,-1
272,8,453,172,95,34,1,-1,-1,-1
272,0,280,228,158,128,1,-1,-1,-1
273,8,445,172,95,34,1,-1,-1,-1
273,0,280,228,158,128,1,-1,-1,-1
274,8,438,172,95,34,1,-1,-1,-1
274,0,280,228,158,128,1,-1,-1,-1
275,8,429,172,96,34,1,-1,-1,-1
275,0,280,228,158,128,1,-1,-1,-1
276,8,421,172,97,34,1,-1,-1,-1
276,0,280,228,158,128,1,-1,-1,-1
277,8,414,172,97,34,1,-1,-1,-1
277,0,280,228,158,128,1,-1,-1,-1
278,8,405,171,98,34,1,-1,-1,-1
278,0,280,228,158,128,1,-1,-1,-1
279,8,398,171,97,34,1,-1,-1,-1
279,0,280,228,158,128,1,-1,-1,-1
280,8,390,171,98,34,1,-1,-1,-1
280,0,280,228,158,128,1,-1,-1,-1
281,8,383,171,97,34,1,-1,-1,-1
281,0,280,228,158,128,1,-1,-1,-1
282,8,375,171,98,34,1,-1,-1,-1
282,0,280,228,158,128,1,-1,-1,-1
283,8,368,171,97,34,1,-1,-1,-1
283,0,280,228,158,128,1,-1,-1,-1
284,8,360,171,98,34,1,-1,-1,-1
284,0,280,228,158,128,1,-1,-1,-1
285,8,353,171,97,34,1,-1,-1,-1
285,0,280,228,158,128,1,-1,-1,-1
286,8,345,171,98,34,1,-1,-1,-1
286,0,280,228,158,128,1,-1,-1,-1
287,8,338,171,97,34,1,-1,-1,-1
287,0,280,228,158,128,1,-1,-1,-1
288,8,330,171,98,34,1,-1,-1,-1
288,0,280,228,158,128,1,-1,-1,-1
289,8,324,171,97,34,1,-1,-1,-1
289,0,280,228,158,128,1,-1,-1,-1
290,8,316,171,98,34,1,-1,-1,-1
290,0,280,228,158,128,1,-1,-1,-1
291,8,310,171,98,34,1,-1,-1,-1
291,0,280,228,158,128,1,-1,-1,-1
292,8,303,171,97,34,1,-1,-1,-1
292,0,280,228,158,128,1,-1,-1,-1
293,8,296,171,98,34,1,-1,-1,-1
293,0,280,228,158,128,1,-1,-1,-1
294,8,290,171,98,34,1,-1,-1,-1
294,9,518,174,75,30,1,-1,-1,-1
294,0,280,228,158,128,1,-1,-1,-1
295,8,283,171,97,34,1,-1,-1,-1
295,9,510,173,75,30,1,-1,-1,-1
295,0,280,228,158,128,1,-1,-1,-1
296,8,275,171,98,34,1,-1,-1,-1
296,9,504,173,75,30,1,-1,-1,-1
296,0,280,228,158,128,1,-1,-1,-1
297,8,269,171,97,34,1,-1,-1,-1
297,9,498,173,75,30,1,-1,-1,-1
297,0,280,228,158,128,1,-1,-1,-1
298,8,261,171,98,34,1,-1,-1,-1
298,9,491,173,75,30,1,-1,-1,-1
298,0,280,228,158,128,1,-1,-1,-1
299,8,255,172,98,34,1,-1,-1,-1
299,9,484,172,75,29,1,-1,-1,-1
299,0,280,228,158,128,1,-1,-1,-1
300,8,248,172,97,34,1,-1,-1,-1
300,9,478,172,75,29,1,-1,-1,-1
300,0,280,228,158,128,1,-1,-1,-1
301,8,240,172,98,34,1,-1,-1,-1
301,9,471,172,75,29,1,-1,-1,-1
301,0,280,228,158,128,1,-1,-1,-1
302,8,234,172,97,34,1,-1,-1,-1
302,9,465,172,75,29,1,-1,-1,-1
302,0,280,228,158,128,1,-1,-1,-1
303,8,226,172,98,34,1,-1,-1,-1
303,9,459,172,75,29,1,-1,-1,-1
303,0,280,228,158,128,1,-1,-1,-1
304,8,220,173,98,34,1,-1,-1,-1
304,9,453,171,75,29,1,-1,-1,-1
304,0,280,228,158,128,1,-1,-1,-1
305,8,210,173,100,36,1,-1,-1,-1
305,9,446,171,75,29,1,-1,-1,-1
305,0,280,228,158,128,1,-1,-1,-1
306,8,200,173,103,39,1,-1,-1,-1
306,9,441,171,75,29,1,-1,-1,-1
306,0,280,228,158,128,1,-1,-1,-1
307,8,191,173,104,41,1,-1,-1,-1
307,9,435,171,75,29,1,-1,-1,-1
307,0,280,228,158,128,1,-1,-1,-1
308,8,181,173,107,43,1,-1,-1,-1
308,9,429,170,75,29,1,-1,-1,-1
308,0,280,228,158,128,1,-1,-1,-1
309,8,171,173,109,45,1,-1,-1,-1
309,9,424,170,75,29,1,-1,-1,-1
309,0,280,228,158,128,1,-1,-1,-1
310,8,163,173,110,48,1,-1,-1,-1
310,9,418,170,75,29,1,-1,-1,-1
310,0,280,228,158,128,1,-1,-1,-1
311,8,153,173,112,50,1,-1,-1,-1
311,9,413,170,75,29,1,-1,-1,-1
311,0,280,228,158,128,1,-1,-1,-1
312,8,144,174,114,52,1,-1,-1,-1
312,9,405,169,75,29,1,-1,-1,-1
312,0,280,228,158,128,1,-1,-1,-1
313,8,129,174,117,54,1,-1,-1,-1
313,9,399,169,75,29,1,-1,-1,-1
313,0,280,228,158,128,1,-1,-1,-1
314,8,115,176,121,56,1,-1,-1,-1
314,9,393,168,75,29,1,-1,-1,-1
314,0,280,228,158,128,1,-1,-1,-1
315,8,100,177,126,58,1,-1,-1,-1
315,9,386,168,75,29,1,-1,-1,-1
315,0,280,228,158,128,1,-1,-1,-1
316,8,86,178,130,59,1,-1,-1,-1
316,9,380,168,75,29,1,-1,-1,-1
316,0,280,228,158,128,1,-1,-1,-1
317,8,71,179,135,62,1,-1,-1,-1
317,9,373,167,75,29,1,-1,-1,-1
317,0,280,228,158,128,1,-1,-1,-1
318,8,58,180,138,64,1,-1,-1,-1
318,9,366,167,75,29,1,-1,-1,-1
318,0,280,228,158,128,1,-1,-1,-1
319,8,43,181,143,65,1,-1,-1,-1
319,9,360,165,75,30,1,-1,-1,-1
319,0,280,228,158,128,1,-1,-1,-1
320,8,29,182,147,68,1,-1,-1,-1
320,9,354,165,75,30,1,-1,-1,-1
320,0,280,228,158,128,1,-1,-1,-1
321,8,14,183,152,70,1,-1,-1,-1
321,9,348,165,75,30,1,-1,-1,-1
321,0,280,228,158,128,1,-1,-1,-1
322,8,0,185,156,72,1,-1,-1,-1
322,9,340,164,75,30,1,-1,-1,-1
322,0,280,228,158,128,1,-1,-1,-1
323,8,0,186,141,73,1,-1,-1,-1
323,9,334,164,75,30,1,-1,-1,-1
323,10,519,176,80,27,1,-1,-1,-1
323,0,280,228,158,128,1,-1,-1,-1
324,8,0,187,126,74,1,-1,-1,-1
324,9,328,164,75,30,1,-1,-1,-1
324,10,511,174,80,27,1,-1,-1,-1
324,0,280,228,158,128,1,-1,-1,-1
325,8,0,188,111,75,1,-1,-1,-1
325,9,321,163,75,29,1,-1,-1,-1
325,10,505,174,79,27,1,-1,-1,-1
325,0,280,228,158,128,1,-1,-1,-1
326,8,0,189,98,78,1,-1,-1,-1
326,9,314,163,75,29,1,-1,-1,-1
326,10,499,174,77,27,1,-1,-1,-1
326,0,280,228,158,128,1,-1,-1,-1
327,8,0,190,83,79,1,-1,-1,-1
327,9,308,163,75,29,1,-1,-1,-1
327,10,491,173,78,27,1,-1,-1,-1
327,0,280,228,158,128,1,-1,-1,-1
328,8,0,191,68,80,1,-1,-1,-1
328,9,301,162,75,29,1,-1,-1,-1
328,10,485,173,78,27,1,-1,-1,-1
328,0,280,228,158,128,1,-1,-1,-1
329,9,295,162,75,29,1,-1,-1,-1
329,10,479,173,76,27,1,-1,-1,-1
329,0,280,228,158,128,1,-1,-1,-1
330,9,289,162,75,29,1,-1,-1,-1
330,10,471,172,77,27,1,-1,-1,-1
330,0,280,228,158,128,1,-1,-1,-1
331,9,280,161,75,29,1,-1,-1,-1
331,10,465,172,75,27,1,-1,-1,-1
331,0,280,228,158,128,1,-1,-1,-1
332,9,273,161,75,29,1,-1,-1,-1
332,10,459,172,75,27,1,-1,-1,-1
332,0,280,228,158,128,1,-1,-1,-1
333,9,264,161,75,29,1,-1,-1,-1
333,10,453,171,75,27,1,-1,-1,-1
333,0,280,228,158,128,1,-1,-1,-1
334,9,256,160,75,29,1,-1,-1,-1
334,10,446,171,75,27,1,-1,-1,-1
334,0,280,228,158,128,1,-1,-1,-1
335,9,248,160,75,29,1,-1,-1,-1
335,10,440,171,75,27,1,-1,-1,-1
335,0,280,228,158,128,1,-1,-1,-1
336,9,240,160,75,29,1,-1,-1,-1
336,10,434,171,75,27,1,-1,-1,-1
336,0,280,228,158,128,1,-1,-1,-1
337,9,233,160,75,29,1,-1,-1,-1
337,10,429,171,75,27,1,-1,-1,-1
337,0,280,228,158,128,1,-1,-1,-1
338,9,225,160,75,29,1,-1,-1,-1
338,10,423,170,75,27,1,-1,-1,-1
338,0,280,228,158,128,1,-1,-1,-1
339,9,219,160,75,29,1,-1,-1,-1
339,10,418,170,75,27,1,-1,-1,-1
339,0,280,228,158,128,1,-1,-1,-1
340,9,211,160,75,29,1,-1,-1,-1
340,10,413,170,75,27,1,-1,-1,-1
340,0,280,228,158,128,1,-1,-1,-1
341,9,204,160,75,29,1,-1,-1,-1
341,10,405,169,75,27,1,-1,-1,-1
341,0,280,228,158,128,1,-1,-1,-1
342,9,198,160,75,29,1,-1,-1,-1
342,10,399,169,75,27,1,-1,-1,-1
342,0,280,228,158,128,1,-1,-1,-1
343,9,190,160,75,28,1,-1,-1,-1
343,10,391,168,75,27,1,-1,-1,-1
343,0,280,228,158,128,1,-1,-1,-1
344,9,184,160,75,27,1,-1,-1,-1
344,10,385,168,75,27,1,-1,-1,-1
344,0,280,228,158,128,1,-1,-1,-1
345,9,178,160,75,26,1,-1,-1,-1
345,10,379,168,75,27,1,-1,-1,-1
345,0,280,228,158,128,1,-1,-1,-1
346,9,170,160,75,25,1,-1,-1,-1
346,10,371,167,75,27,1,-1,-1,-1
346,0,280,228,158,128,1,-1,-1,-1
347,9,164,160,75,23,1,-1,-1,-1
347,10,365,167,75,27,1,-1,-1,-1
347,0,280,228,158,128,1,-1,-1,-1
348,9,158,160,75,22,1,-1,-1,-1
348,10,359,167,75,27,1,-1,-1,-1
348,0,280,228,158,128,1,-1,-1,-1
349,9,149,159,75,22,1,-1,-1,-1
349,10,353,165,75,27,1,-1,-1,-1
349,0,280,228,158,128,1,-1,-1,-1
350,9,140,159,75,22,1,-1,-1,-1
350,10,346,165,75,27,1,-1,-1,-1
350,0,280,228,158,128,1,-1,-1,-1
351,9,133,159,75,22,1,-1,-1,-1
351,10,340,164,75,27,1,-1,-1,-1
351,0,280,228,158,128,1,-1,-1,-1
352,9,124,159,75,22,1,-1,-1,-1
352,10,334,164,75,27,1,-1,-1,-1
352,0,280,228,158,128,1,-1,-1,-1
353,9,115,159,75,22,1,-1,-1,-1
353,10,328,164,75,27,1,-1,-1,-1
353,0,280,228,158,128,1,-1,-1,-1
354,9,108,159,75,22,1,-1,-1,-1
354,10,321,163,75,27,1,-1,-1,-1
354,0,280,228,158,128,1,-1,-1,-1
355,9,100,158,75,22,1,-1,-1,-1
355,10,315,163,75,27,1,-1,-1,-1
355,0,280,228,158,128,1,-1,-1,-1
356,9,93,158,75,22,1,-1,-1,-1
356,10,310,163,75,27,1,-1,-1,-1
356,0,280,228,158,128,1,-1,-1,-1
357,9,85,156,75,23,1,-1,-1,-1
357,10,303,162,75,27,1,-1,-1,-1
357,0,280,228,158,128,1,-1,-1,-1
358,9,78,156,75,23,1,-1,-1,-1
358,10,295,162,75,27,1,-1,-1,-1
358,0,280,228,158,128,1,-1,-1,-1
359,9,70,155,75,23,1,-1,-1,-1
359,10,289,161,75,27,1,-1,-1,-1
359,0,280,228,158,128,1,-1,-1,-1
360,9,63,155,75,23,1,-1,-1,-1
360,10,281,161,75,27,1,-1,-1,-1
360,0,280,228,158,128,1,-1,-1,-1
361,9,55,154,75,23,1,-1,-1,-1
361,10,274,161,75,27,1,-1,-1,-1
361,0,280,228,158,128,1,-1,-1,-1
362,9,49,154,75,23,1,-1,-1,-1
362,10,268,160,75,27,1,-1,-1,-1
362,0,280,228,158,128,1,-1,-1,-1
363,9,40,154,75,23,1,-1,-1,-1
363,10,260,160,75,27,1,-1,-1,-1
363,0,280,228,158,128,1,-1,-1,-1
364,9,33,154,75,23,1,-1,-1,-1
364,10,254,160,75,27,1,-1,-1,-1
364,0,280,228,158,128,1,-1,-1,-1
365,9,24,154,75,23,1,-1,-1,-1
365,10,246,160,75,27,1,-1,-1,-1
365,0,280,228,158,128,1,-1,-1,-1
366,9,16,154,75,23,1,-1,-1,-1
366,10,239,160,75,27,1,-1,-1,-1
366,0,280,228,158,128,1,-1,-1,-1
367,9,8,154,75,23,1,-1,-1,-1
367,10,231,160,75,27,1,-1,-1,-1
367,0,280,228,158,128,1,-1,-1,-1
368,9,0,154,75,24,1,-1,-1,-1
368,10,224,160,75,27,1,-1,-1,-1
368,0,280,228,158,128,1,-1,-1,-1
369,9,0,153,66,25,1,-1,-1,-1
369,10,216,160,75,27,1,-1,-1,-1
369,0,280,228,158,128,1,-1,-1,-1
370,9,0,153,59,25,1,-1,-1,-1
370,10,209,160,75,27,1,-1,-1,-1
370,0,280,228,158,128,1,-1,-1,-1
371,9,0,153,51,25,1,-1,-1,-1
371,10,201,160,75,27,1,-1,-1,-1
371,0,280,228,158,128,1,-1,-1,-1
372,9,0,153,43,25,1,-1,-1,-1
372,10,194,160,75,27,1,-1,-1,-1
372,0,280,228,158,128,1,-1,-1,-1
373,9,0,153,35,25,1,-1,-1,-1
373,10,188,161,75,27,1,-1,-1,-1
373,0,280,228,158,128,1,-1,-1,-1
374,10,180,160,75,27,1,-1,-1,-1
374,0,280,228,158,128,1,-1,-1,-1
375,10,173,160,75,27,1,-1,-1,-1
375,0,280,228,158,128,1,-1,-1,-1
376,10,165,160,75,27,1,-1,-1,-1
376,0,280,228,158,128,1,-1,-1,-1
377,10,159,159,75,27,1,-1,-1,-1
377,0,280,228,158,128,1,-1,-1,-1
378,10,151,159,75,27,1,-1,-1,-1
378,0,280,228,158,128,1,-1,-1,-1
379,10,144,159,75,27,1,-1,-1,-1
379,0,280,228,158,128,1,-1,-1,-1
380,10,138,159,75,27,1,-1,-1,-1
380,0,280,228,158,128,1,-1,-1,-1
381,10,129,158,75,27,1,-1,-1,-1
381,0,280,228,158,128,1,-1,-1,-1
382,10,121,158,75,27,1,-1,-1,-1
382,0,280,228,158,128,1,-1,-1,-1
383,10,113,156,75,27,1,-1,-1,-1
383,0,280,228,158,128,1,-1,-1,-1
384,10,105,156,75,27,1,-1,-1,-1
384,0,280,228,158,128,1,-1,-1,-1
385,10,96,155,75,27,1,-1,-1,-1
385,0,280,228,158,128,1,-1,-1,-1
386,10,89,155,75,27,1,-1,-1,-1
386,0,280,228,158,128,1,-1,-1,-1
387,10,80,154,75,27,1,-1,-1,-1
387,0,280,228,158,128,1,-1,-1,-1
388,10,73,154,75,27,1,-1,-1,-1
388,0,280,228,158,128,1,-1,-1,-1
389,10,65,154,75,27,1,-1,-1,-1
389,0,280,228,158,128,1,-1,-1,-1
390,10,58,154,75,27,1,-1,-1,-1
390,0,280,228,158,128,1,-1,-1,-1
391,10,50,154,75,27,1,-1,-1,-1
391,0,280,228,158,128,1,-1,-1,-1
392,10,43,154,75,27,1,-1,-1,-1
392,0,280,228,158,128,1,-1,-1,-1
393,10,35,154,75,27,1,-1,-1,-1
393,0,280,228,158,128,1,-1,-1,-1
394,10,30,154,71,27,1,-1,-1,-1
394,0,280,228,158,128,1,-1,-1,-1
395,10,25,154,69,27,1,-1,-1,-1
395,0,280,228,158,128,1,-1,-1,-1
396,10,20,154,66,27,1,-1,-1,-1
396,0,280,228,158,128,1,-1,-1,-1
397,10,15,154,63,27,1,-1,-1,-1
397,0,280,228,158,128,1,-1,-1,-1
398,10,10,154,60,27,1,-1,-1,-1
398,0,280,228,158,128,1,-1,-1,-1
399,10,5,154,58,27,1,-1,-1,-1
399,0,280,228,158,128,1,-1,-1,-1
400,10,0,154,55,27,1,-1,-1,-1
400,0,280,228,158,128,1,-1,-1,-1
401,10,0,154,46,27,1,-1,-1,-1
401,0,280,228,158,128,1,-1,-1,-1
402,10,0,154,39,27,1,-1,-1,-1
402,0,280,228,158,128,1,-1,-1,-1
403,10,0,154,31,27,1,-1,-1,-1
403,0,280,228,158,128,1,-1,-1,-1
404,0,280,228,158,128,1,-1,-1,-1
405,0,280,228,158,128,1,-1,-1,-1
406,0,280,228,158,128,1,-1,-1,-1
407,0,280,228,158,128,1,-1,-1,-1
408,0,280,228,158,128,1,-1,-1,-1
409,0,280,228,158,128,1,-1,-1,-1
410,0,280,228,158,128,1,-1,-1,-1
411,0,280,228,158,128,1,-1,-1,-1
412,0,280,228,158,128,1,-1,-1,-1
413,0,280,228,158,128,1,-1,-1,-1
414,0,280,228,158,128,1,-1,-1,-1
415,0,280,228,158,128,1,-1,-1,-1
416,0,280,228,158,128,1,-1,-1,-1
417,0,280,228,158,128,1,-1,-1,-1
418,0,280,228,158,128,1,-1,-1,-1
419,0,280,228,158,128,1,-1,-1,-1
420,0,280,228,158,128,1,-1,-1,-1
421,0,280,228,158,128,1,-1,-1,-1
422,0,280,228,158,128,1,-1,-1,-1
423,0,280,228,158,128,1,-1,-1,-1
424,0,280,228,158,128,1,-1,-1,-1
425,0,280,228,158,128,1,-1,-1,-1
426,0,280,228,158,128,1,-1,-1,-1
427,0,280,228,158,128,1,-1,-1,-1
428,0,280,228,158,128,1,-1,-1,-1
429,0,280,228,158,128,1,-1,-1,-1
430,0,280,228,158,128,1,-1,-1,-1
431,0,280,228,158,128,1,-1,-1,-1
432,0,280,228,158,128,1,-1,-1,-1
433,0,280,228,158,128,1,-1,-1,-1
434,0,280,228,158,128,1,-1,-1,-1
435,0,280,228,158,128,1,-1,-1,-1
436,0,280,228,158,128,1,-1,-1,-1
437,0,280,228,158,128,1,-1,-1,-1
438,0,280,228,158,128,1,-1,-1,-1
439,0,280,228,158,128,1,-1,-1,-1
440,0,280,228,158,128,1,-1,-1,-1
441,0,280,228,158,128,1,-1,-1,-1
442,0,280,228,158,128,1,-1,-1,-1
443,0,280,228,158,128,1,-1,-1,-1
444,0,280,228,158,128,1,-1,-1,-1
445,0,280,228,158,128,1,-1,-1,-1
446,0,280,228,158,128,1,-1,-1,-1
447,0,280,228,158,128,1,-1,-1,-1
448,0,280,228,158,128,1,-1,-1,-1
449,0,280,228,158,128,1,-1,-1,-1
450,0,280,228,158,128,1,-1,-1,-1
451,0,280,228,158,128,1,-1,-1,-1
452,0,280,228,158,128,1,-1,-1,-1
453,0,280,228,158,128,1,-1,-1,-1
454,0,280,228,158,128,1,-1,-1,-1
455,0,280,228,158,128,1,-1,-1,-1
456,0,280,228,158,128,1,-1,-1,-1
457,0,280,228,158,128,1,-1,-1,-1
458,0,280,228,158,128,1,-1,-1,-1
459,0,280,228,158,128,1,-1,-1,-1
460,0,280,228,158,128,1,-1,-1,-1
461,0,280,228,158,128,1,-1,-1,-1
462,0,280,228,158,128,1,-1,-1,-1
463,0,280,228,158,128,1,-1,-1,-1
464,0,280,228,158,128,1,-1,-1,-1
465,0,280,228,158,128,1,-1,-1,-1
466,0,280,228,158,128,1,-1,-1,-1
467,0,280,228,158,128,1,-1,-1,-1
468,0,280,228,158,128,1,-1,-1,-1
469,0,280,228,158,128,1,-1,-1,-1
470,0,280,228,158,128,1,-1,-1,-1
471,0,280,228,158,128,1,-1,-1,-1
472,0,280,228,158,128,1,-1,-1,-1
473,0,280,228,158,128,1,-1,-1,-1
474,0,280,228,158,128,1,-1,-1,-1
475,0,280,228,158,128,1,-1,-1,-1
476,0,280,228,158,128,1,-1,-1,-1
477,0,280,228,158,128,1,-1,-1,-1
478,0,280,228,158,128,1,-1,-1,-1
479,0,280,228,158,128,1,-1,-1,-1
480,0,280,228,158,128,1,-1,-1,-1
481,0,280,228,158,128,1,-1,-1,-1
482,0,280,228,158,128,1,-1,-1,-1
483,0,280,228,158,128,1,-1,-1,-1
484,0,280,228,158,128,1,-1,-1,-1
485,0,280,228,158,128,1,-1,-1,-1
486,0,280,228,158,128,1,-1,-1,-1
487,0,280,228,158,128,1,-1,-1,-1
488,0,280,228,158,128,1,-1,-1,-1
489,0,280,228,158,128,1,-1,-1,-1
490,0,280,228,158,128,1,-1,-1,-1
491,0,280,228,158,128,1,-1,-1,-1
492,0,280,228,158,128,1,-1,-1,-1
493,0,280,228,158,128,1,-1,-1,-1
494,0,280,228,158,128,1,-1,-1,-1
495,0,280,228,158,128,1,-1,-1,-1
496,0,280,228,158,128,1,-1,-1,-1
497,0,280,228,158,128,1,-1,-1,-1
498,0,280,228,158,128,1,-1,-1,-1
499,0,280,228,158,128,1,-1,-1,-1
500,0,280,228,158,128,1,-1,-1,-1
501,0,280,228,158,128,1,-1,-1,-1
502,0,280,228,158,128,1,-1,-1,-1
503,0,280,228,158,128,1,-1,-1,-1
504,11,216,152,33,15,1,-1,-1,-1
504,0,280,228,158,128,1,-1,-1,-1
505,11,214,152,34,15,1,-1,-1,-1
505,0,280,228,158,128,1,-1,-1,-1
506,11,213,152,33,15,1,-1,-1,-1
506,0,280,228,158,128,1,-1,-1,-1
507,11,211,152,35,15,1,-1,-1,-1
507,0,280,228,158,128,1,-1,-1,-1
508,11,209,152,36,15,1,-1,-1,-1
508,0,280,228,158,128,1,-1,-1,-1
509,11,208,152,37,15,1,-1,-1,-1
509,0,280,228,158,128,1,-1,-1,-1
510,11,206,152,38,15,1,-1,-1,-1
510,12,524,178,75,28,1,-1,-1,-1
510,0,280,228,158,128,1,-1,-1,-1
511,11,205,152,39,15,1,-1,-1,-1
511,12,515,178,76,28,1,-1,-1,-1
511,0,280,228,158,128,1,-1,-1,-1
512,11,203,152,40,15,1,-1,-1,-1
512,12,508,178,76,28,1,-1,-1,-1
512,0,280,228,158,128,1,-1,-1,-1
513,11,201,152,42,15,1,-1,-1,-1
513,12,499,178,77,28,1,-1,-1,-1
513,0,280,228,158,128,1,-1,-1,-1
514,11,200,152,41,15,1,-1,-1,-1
514,12,491,179,78,28,1,-1,-1,-1
514,0,280,228,158,128,1,-1,-1,-1
515,11,199,152,42,15,1,-1,-1,-1
515,12,483,179,78,28,1,-1,-1,-1
515,0,280,228,158,128,1,-1,-1,-1
516,11,196,152,43,15,1,-1,-1,-1
516,12,475,179,79,28,1,-1,-1,-1
516,0,280,228,158,128,1,-1,-1,-1
517,11,195,152,43,15,1,-1,-1,-1
517,12,466,179,80,28,1,-1,-1,-1
517,0,280,228,158,128,1,-1,-1,-1
518,11,193,152,42,15,1,-1,-1,-1
518,12,459,180,80,28,1,-1,-1,-1
518,0,280,228,158,128,1,-1,-1,-1
519,11,191,152,43,15,1,-1,-1,-1
519,12,451,179,80,28,1,-1,-1,-1
519,0,280,228,158,128,1,-1,-1,-1
520,11,189,152,42,15,1,-1,-1,-1
520,12,444,179,80,28,1,-1,-1,-1
520,0,280,228,158,128,1,-1,-1,-1
521,11,188,152,42,15,1,-1,-1,-1
521,12,436,179,80,28,1,-1,-1,-1
521,0,280,228,158,128,1,-1,-1,-1
522,11,185,152,43,15,1,-1,-1,-1
522,12,429,179,80,28,1,-1,-1,-1
522,0,280,228,158,128,1,-1,-1,-1
523,11,184,152,42,15,1,-1,-1,-1
523,12,423,178,80,28,1,-1,-1,-1
523,0,280,228,158,128,1,-1,-1,-1
524,11,181,152,43,15,1,-1,-1,-1
524,12,415,178,80,28,1,-1,-1,-1
524,0,280,228,158,128,1,-1,-1,-1
525,11,180,152,43,15,1,-1,-1,-1
525,12,408,178,80,28,1,-1,-1,-1
525,0,280,228,158,128,1,-1,-1,-1
526,11,179,153,42,15,1,-1,-1,-1
526,12,400,178,80,28,1,-1,-1,-1
526,0,280,228,158,128,1,-1,-1,-1
527,11,175,153,43,15,1,-1,-1,-1
527,12,394,178,80,28,1,-1,-1,-1
527,0,280,228,158,128,1,-1,-1,-1
528,11,173,153,42,16,1,-1,-1,-1
528,12,386,177,80,28,1,-1,-1,-1
528,0,280,228,158,128,1,-1,-1,-1
529,11,170,153,41,16,1,-1,-1,-1
529,12,380,177,80,28,1,-1,-1,-1
529,0,280,228,158,128,1,-1,-1,-1
530,11,166,153,43,17,1,-1,-1,-1
530,12,373,176,80,29,1,-1,-1,-1
530,0,280,228,158,128,1,-1,-1,-1
531,11,164,153,42,17,1,-1,-1,-1
531,12,366,176,80,29,1,-1,-1,-1
531,0,280,228,158,128,1,-1,-1,-1
532,11,161,153,42,18,1,-1,-1,-1
532,12,359,174,80,31,1,-1,-1,-1
532,0,280,228,158,128,1,-1,-1,-1
533,11,159,153,41,18,1,-1,-1,-1
533,12,353,174,80,31,1,-1,-1,-1
533,0,280,228,158,128,1,-1,-1,-1
534,11,155,153,43,19,1,-1,-1,-1
534,12,345,173,80,32,1,-1,-1,-1
534,0,280,228,158,128,1,-1,-1,-1
535,11,153,153,41,19,1,-1,-1,-1
535,12,339,173,80,32,1,-1,-1,-1
535,0,280,228,158,128,1,-1,-1,-1
536,11,150,153,41,20,1,-1,-1,-1
536,12,333,173,80,32,1,-1,-1,-1
536,0,280,228,158,128,1,-1,-1,-1
537,11,146,153,43,20,1,-1,-1,-1
537,12,326,173,82,33,1,-1,-1,-1
537,0,280,228,158,128,1,-1,-1,-1
538,11,144,153,41,21,1,-1,-1,-1
538,12,320,174,83,32,1,-1,-1,-1
538,0,280,228,158,128,1,-1,-1,-1
539,11,141,153,42,21,1,-1,-1,-1
539,12,315,174,81,33,1,-1,-1,-1
539,0,280,228,158,128,1,-1,-1,-1
540,11,139,153,41,23,1,-1,-1,-1
540,12,309,176,82,31,1,-1,-1,-1
540,0,280,228,158,128,1,-1,-1,-1
541,11,135,153,43,23,1,-1,-1,-1
541,12,303,176,83,32,1,-1,-1,-1
541,0,280,228,158,128,1,-1,-1,-1
542,11,133,153,42,23,1,-1,-1,-1
542,12,298,176,82,32,1,-1,-1,-1
542,0,280,228,158,128,1,-1,-1,-1
543,11,129,153,44,23,1,-1,-1,-1
543,12,291,177,84,32,1,-1,-1,-1
543,0,280,228,158,128,1,-1,-1,-1
544,11,126,153,45,23,1,-1,-1,-1
544,12,285,177,85,32,1,-1,-1,-1
544,0,280,228,158,128,1,-1,-1,-1
545,11,123,153,46,23,1,-1,-1,-1
545,12,280,178,85,32,1,-1,-1,-1
545,0,280,228,158,128,1,-1,-1,-1
546,11,120,153,46,23,1,-1,-1,-1
546,12,275,177,85,33,1,-1,-1,-1
546,0,280,228,158,128,1,-1,-1,-1
547,11,116,153,48,23,1,-1,-1,-1
547,12,270,177,85,35,1,-1,-1,-1
547,0,280,228,158,128,1,-1,-1,-1
548,11,114,153,49,23,1,-1,-1,-1
548,12,265,177,85,36,1,-1,-1,-1
548,0,280,228,158,128,1,-1,-1,-1
549,11,110,153,50,23,1,-1,-1,-1
549,12,260,177,85,37,1,-1,-1,-1
549,0,280,228,158,128,1,-1,-1,-1
550,11,108,153,50,23,1,-1,-1,-1
550,12,255,177,85,37,1,-1,-1,-1
550,0,280,228,158,128,1,-1,-1,-1
551,11,105,154,51,23,1,-1,-1,-1
551,12,250,177,85,38,1,-1,-1,-1
551,0,280,228,158,128,1,-1,-1,-1
552,11,99,154,51,23,1,-1,-1,-1
552,12,245,177,85,39,1,-1,-1,-1
552,0,280,228,158,128,1,-1,-1,-1
553,11,94,154,51,23,1,-1,-1,-1
553,12,240,177,85,40,1,-1,-1,-1
553,0,280,228,158,128,1,-1,-1,-1
554,11,89,154,51,23,1,-1,-1,-1
554,12,235,177,85,41,1,-1,-1,-1
554,0,280,228,158,128,1,-1,-1,-1
555,11,81,153,54,23,1,-1,-1,-1
555,12,228,177,86,41,1,-1,-1,-1
555,0,280,228,158,128,1,-1,-1,-1
556,11,75,153,55,23,1,-1,-1,-1
556,12,221,177,88,42,1,-1,-1,-1
556,0,280,228,158,128,1,-1,-1,-1
557,11,69,153,57,23,1,-1,-1,-1
557,12,214,178,89,43,1,-1,-1,-1
557,0,280,228,158,128,1,-1,-1,-1
558,11,63,153,58,23,1,-1,-1,-1
558,12,208,178,90,44,1,-1,-1,-1
558,0,280,228,158,128,1,-1,-1,-1
559,11,56,153,62,23,1,-1,-1,-1
559,12,200,179,93,44,1,-1,-1,-1
559,0,280,228,158,128,1,-1,-1,-1
560,11,50,153,63,23,1,-1,-1,-1
560,12,194,179,92,44,1,-1,-1,-1
560,0,280,228,158,128,1,-1,-1,-1
561,11,44,153,64,23,1,-1,-1,-1
561,12,186,180,95,44,1,-1,-1,-1
561,0,280,228,158,128,1,-1,-1,-1
562,11,38,153,66,23,1,-1,-1,-1
562,12,180,180,96,45,1,-1,-1,-1
562,0,280,228,158,128,1,-1,-1,-1
563,11,31,153,68,23,1,-1,-1,-1
563,12,173,181,97,45,1,-1,-1,-1
563,0,280,228,158,128,1,-1,-1,-1
564,11,25,153,70,23,1,-1,-1,-1
564,12,166,181,99,46,1,-1,-1,-1
564,0,280,228,158,128,1,-1,-1,-1
565,11,20,152,68,22,1,-1,-1,-1
565,12,160,182,100,46,1,-1,-1,-1
565,0,280,228,158,128,1,-1,-1,-1
566,11,16,152,65,22,1,-1,-1,-1
566,12,149,183,104,47,1,-1,-1,-1
566,0,280,228,158,128,1,-1,-1,-1
567,11,13,152,62,22,1,-1,-1,-1
567,12,138,186,107,46,1,-1,-1,-1
567,0,280,228,158,128,1,-1,-1,-1
568,11,9,152,60,22,1,-1,-1,-1
568,12,128,188,111,46,1,-1,-1,-1
568,0,280,228,158,128,1,-1,-1,-1
569,11,5,152,58,22,1,-1,-1,-1
569,12,116,190,115,46,1,-1,-1,-1
569,0,280,228,158,128,1,-1,-1,-1
570,11,1,152,55,22,1,-1,-1,-1
570,12,106,192,119,47,1,-1,-1,-1
570,0,280,228,158,128,1,-1,-1,-1
571,11,1,152,49,22,1,-1,-1,-1
571,12,95,195,123,46,1,-1,-1,-1
571,0,280,228,158,128,1,-1,-1,-1
572,11,1,152,43,22,1,-1,-1,-1
572,12,85,197,126,46,1,-1,-1,-1
572,0,280,228,158,128,1,-1,-1,-1
573,11,1,152,37,22,1,-1,-1,-1
573,12,71,197,132,49,1,-1,-1,-1
573,0,280,228,158,128,1,-1,-1,-1
574,11,1,152,30,22,1,-1,-1,-1
574,12,58,197,136,54,1,-1,-1,-1
574,0,280,228,158,128,1,-1,-1,-1
575,11,1,152,24,22,1,-1,-1,-1
575,12,44,197,142,57,1,-1,-1,-1
575,0,280,228,158,128,1,-1,-1,-1
576,12,30,197,148,62,1,-1,-1,-1
576,0,280,228,158,128,1,-1,-1,-1
577,12,16,197,153,65,1,-1,-1,-1
577,0,280,228,158,128,1,-1,-1,-1
578,12,3,198,158,69,1,-1,-1,-1
578,0,280,228,158,128,1,-1,-1,-1
579,12,1,199,148,70,1,-1,-1,-1
579,0,280,228,158,128,1,-1,-1,-1
580,12,1,201,135,70,1,-1,-1,-1
580,0,280,228,158,128,1,-1,-1,-1
581,12,1,203,123,70,1,-1,-1,-1
581,0,280,228,158,128,1,-1,-1,-1
582,12,1,205,112,71,1,-1,-1,-1
582,0,280,228,158,128,1,-1,-1,-1
583,12,1,206,99,72,1,-1,-1,-1
583,0,280,228,158,128,1,-1,-1,-1
584,12,0,208,88,72,1,-1,-1,-1
584,0,280,228,158,128,1,-1,-1,-1
585,12,0,209,76,73,1,-1,-1,-1
585,0,280,228,158,128,1,-1,-1,-1
586,12,0,212,64,73,1,-1,-1,-1
586,0,280,228,158,128,1,-1,-1,-1
587,12,0,213,51,74,1,-1,-1,-1
587,0,280,228,158,128,1,-1,-1,-1
588,0,280,228,158,128,1,-1,-1,-1
589,0,280,228,158,128,1,-1,-1,-1
590,0,280,228,158,128,1,-1,-1,-1
591,0,280,228,158,128,1,-1,-1,-1
592,0,280,228,158,128,1,-1,-1,-1
593,0,280,228,158,128,1,-1,-1,-1
594,0,280,228,158,128,1,-1,-1,-1
595,0,280,228,158,128,1,-1,-1,-1
596,0,280,228,158,128,1,-1,-1,-1
597,0,280,228,158,128,1,-1,-1,-1
598,0,280,228,158,128,1,-1,-1,-1
599,0,280,228,158,128,1,-1,-1,-1
600,0,280,228,158,128,1,-1,-1,-1
601,0,280,228,158,128,1,-1,-1,-1
602,0,280,228,158,128,1,-1,-1,-1
603,0,280,228,158,128,1,-1,-1,-1
604,0,280,228,158,128,1,-1,-1,-1
605,0,280,228,158,128,1,-1,-1,-1
606,0,280,228,158,128,1,-1,-1,-1
607,0,280,228,158,128,1,-1,-1,-1
608,0,280,228,158,128,1,-1,-1,-1
609,0,280,228,158,128,1,-1,-1,-1
610,0,280,228,158,128,1,-1,-1,-1
611,0,280,228,158,128,1,-1,-1,-1
612,0,280,228,158,128,1,-1,-1,-1
613,0,280,228,158,128,1,-1,-1,-1
614,0,280,228,158,128,1,-1,-1,-1
615,0,280,228,158,128,1,-1,-1,-1
616,0,280,228,158,128,1,-1,-1,-1
617,0,280,228,158,128,1,-1,-1,-1
618,0,280,228,158,128,1,-1,-1,-1
619,0,280,228,158,128,1,-1,-1,-1
620,0,280,228,158,128,1,-1,-1,-1
621,0,280,228,158,128,1,-1,-1,-1
622,0,280,228,158,128,1,-1,-1,-1
623,0,280,228,158,128,1,-1,-1,-1
624,0,280,228,158,128,1,-1,-1,-1
625,0,280,228,158,128,1,-1,-1,-1
626,0,280,228,158,128,1,-1,-1,-1
627,0,280,228,158,128,1,-1,-1,-1
628,0,280,228,158,128,1,-1,-1,-1
629,0,280,228,158,128,1,-1,-1,-1
630,0,280,228,158,128,1,-1,-1,-1
631,0,280,228,158,128,1,-1,-1,-1
632,0,280,228,158,128,1,-1,-1,-1
633,0,280,228,158,128,1,-1,-1,-1
634,0,280,228,158,128,1,-1,-1,-1
635,0,280,228,158,128,1,-1,-1,-1
636,0,280,228,158,128,1,-1,-1,-1
637,0,280,228,158,128,1,-1,-1,-1
638,0,280,228,158,128,1,-1,-1,-1
639,0,280,228,158,128,1,-1,-1,-1
640,0,280,228,158,128,1,-1,-1,-1
641,0,280,228,158,128,1,-1,-1,-1
642,0,280,228,158,128,1,-1,-1,-1
643,0,280,228,158,128,1,-1,-1,-1
644,0,280,228,158,128,1,-1,-1,-1
645,0,280,228,158,128,1,-1,-1,-1
646,0,280,228,158,128,1,-1,-1,-1
647,0,280,228,158,128,1,-1,-1,-1
648,0,280,228,158,128,1,-1,-1,-1
649,0,280,228,158,128,1,-1,-1,-1
650,0,280,228,158,128,1,-1,-1,-1
651,0,280,228,158,128,1,-1,-1,-1
652,0,280,228,158,128,1,-1,-1,-1
653,0,280,228,158,128,1,-1,-1,-1
654,0,280,228,158,128,1,-1,-1,-1
655,0,280,228,158,128,1,-1,-1,-1
656,0,280,228,158,128,1,-1,-1,-1
657,0,280,228,158,128,1,-1,-1,-1
658,0,280,228,158,128,1,-1,-1,-1
659,0,280,228,158,128,1,-1,-1,-1
660,0,280,228,158,128,1,-1,-1,-1
661,0,280,228,158,128,1,-1,-1,-1
662,0,280,228,158,128,1,-1,-1,-1
663,0,280,228,158,128,1,-1,-1,-1
664,0,280,228,158,128,1,-1,-1,-1
665,0,280,228,158,128,1,-1,-1,-1
666,0,280,228,158,128,1,-1,-1,-1
667,0,280,228,158,128,1,-1,-1,-1
668,0,280,228,158,128,1,-1,-1,-1
669,0,280,228,158,128,1,-1,-1,-1
670,0,280,228,158,128,1,-1,-1,-1
671,0,280,228,158,128,1,-1,-1,-1
672,0,280,228,158,128,1,-1,-1,-1
673,0,280,228,158,128,1,-1,-1,-1
674,0,280,228,158,128,1,-1,-1,-1
675,0,280,228,158,128,1,-1,-1,-1
676,0,280,228,158,128,1,-1,-1,-1
677,0,280,228,158,128,1,-1,-1,-1
678,0,280,228,158,128,1,-1,-1,-1
679,0,280,228,158,128,1,-1,-1,-1
680,0,280,228,158,128,1,-1,-1,-1
681,0,280,228,158,128,1,-1,-1,-1
682,0,280,228,158,128,1,-1,-1,-1
683,0,280,228,158,128,1,-1,-1,-1
684,0,280,228,158,128,1,-1,-1,-1
685,0,280,228,158,128,1,-1,-1,-1
686,0,280,228,158,128,1,-1,-1,-1
687,0,280,228,158,128,1,-1,-1,-1
688,0,280,228,158,128,1,-1,-1,-1
689,0,280,228,158,128,1,-1,-1,-1
690,0,280,228,158,128,1,-1,-1,-1
691,0,280,228,158,128,1,-1,-1,-1
692,0,280,228,158,128,1,-1,-1,-1
693,0,280,228,158,128,1,-1,-1,-1
694,0,280,228,158,128,1,-1,-1,-1
695,0,280,228,158,128,1,-1,-1,-1
696,0,280,228,158,128,1,-1,-1,-1
697,0,280,228,158,128,1,-1,-1,-1
698,0,280,228,158,128,1,-1,-1,-1
699,0,280,228,158,128,1,-1,-1,-1
700,0,280,228,158,128,1,-1,-1,-1
701,0,280,228,158,128,1,-1,-1,-1
702,0,280,228,158,128,1,-1,-1,-1
703,0,280,228,158,128,1,-1,-1,-1
704,0,280,228,158,128,1,-1,-1,-1
705,0,280,228,158,128,1,-1,-1,-1
706,0,280,228,158,128,1,-1,-1,-1
707,0,280,228,158,128,1,-1,-1,-1
708,0,280,228,158,128,1,-1,-1,-1
709,0,280,228,158,128,1,-1,-1,-1
710,0,280,228,158,128,1,-1,-1,-1
711,0,280,228,158,128,1,-1,-1,-1
712,0,280,228,158,128,1,-1,-1,-1
713,0,280,228,158,128,1,-1,-1,-1
714,0,280,228,158,128,1,-1,-1,-1
715,0,280,228,158,128,1,-1,-1,-1
716,0,280,228,158,128,1,-1,-1,-1
717,0,280,228,158,128,1,-1,-1,-1
718,0,280,228,158,128,1,-1,-1,-1
719,0,280,228,158,128,1,-1,-1,-1
720,0,280,228,158,128,1,-1,-1,-1
721,0,280,228,158,128,1,-1,-1,-1
722,0,280,228,158,128,1,-1,-1,-1
723,0,280,228,158,128,1,-1,-1,-1
724,0,280,228,158,128,1,-1,-1,-1
725,0,280,228,158,128,1,-1,-1,-1
726,0,280,228,158,128,1,-1,-1,-1
727,0,280,228,158,128,1,-1,-1,-1
728,0,280,228,158,128,1,-1,-1,-1
729,0,280,228,158,128,1,-1,-1,-1
730,0,280,228,158,128,1,-1,-1,-1
731,0,280,228,158,128,1,-1,-1,-1
732,0,280,228,158,128,1,-1,-1,-1
733,0,280,228,158,128,1,-1,-1,-1
734,0,280,228,158,128,1,-1,-1,-1
735,0,280,228,158,128,1,-1,-1,-1
736,0,280,228,158,128,1,-1,-1,-1
737,0,280,228,158,128,1,-1,-1,-1
738,0,280,228,158,128,1,-1,-1,-1
739,0,280,228,158,128,1,-1,-1,-1
740,0,280,228,158,128,1,-1,-1,-1
741,0,280,228,158,128,1,-1,-1,-1
742,0,280,228,158,128,1,-1,-1,-1
743,0,280,228,158,128,1,-1,-1,-1
744,0,280,228,158,128,1,-1,-1,-1
745,0,280,228,158,128,1,-1,-1,-1
746,0,280,228,158,128,1,-1,-1,-1
747,0,280,228,158,128,1,-1,-1,-1
748,0,280,228,158,128,1,-1,-1,-1
749,0,280,228,158,128,1,-1,-1,-1
750,0,280,228,158,128,1,-1,-1,-1
751,0,280,228,158,128,1,-1,-1,-1
752,0,280,228,158,128,1,-1,-1,-1
753,0,280,228,158,128,1,-1,-1,-1
754,0,280,228,158,128,1,-1,-1,-1
755,0,280,228,158,128,1,-1,-1,-1
756,0,280,228,158,128,1,-1,-1,-1
757,0,280,228,158,128,1,-1,-1,-1
758,0,280,228,158,128,1,-1,-1,-1
759,0,280,228,158,128,1,-1,-1,-1
760,0,280,228,158,128,1,-1,-1,-1
761,0,280,228,158,128,1,-1,-1,-1
762,0,280,228,158,128,1,-1,-1,-1
763,0,280,228,158,128,1,-1,-1,-1
764,0,280,228,158,128,1,-1,-1,-1
765,0,280,228,158,128,1,-1,-1,-1
766,0,280,228,158,128,1,-1,-1,-1
767,0,280,228,158,128,1,-1,-1,-1
768,0,280,228,158,128,1,-1,-1,-1
769,0,280,228,158,128,1,-1,-1,-1
770,0,280,228,158,128,1,-1,-1,-1
771,0,280,228,158,128,1,-1,-1,-1
772,0,280,228,158,128,1,-1,-1,-1
773,0,280,228,158,128,1,-1,-1,-1
774,0,280,228,158,128,1,-1,-1,-1
775,0,280,228,158,128,1,-1,-1,-1
776,0,280,228,158,128,1,-1,-1,-1
777,0,280,228,158,128,1,-1,-1,-1
778,0,280,228,158,128,1,-1,-1,-1
779,0,280,228,158,128,1,-1,-1,-1
780,0,280,228,158,128,1,-1,-1,-1
781,0,280,228,158,128,1,-1,-1,-1
782,0,280,228,158,128,1,-1,-1,-1
783,0,280,228,158,128,1,-1,-1,-1
784,0,280,228,158,128,1,-1,-1,-1
785,0,280,228,158,128,1,-1,-1,-1
786,0,280,228,158,128,1,-1,-1,-1
787,0,280,228,158,128,1,-1,-1,-1
788,0,280,228,158,128,1,-1,-1,-1
789,0,280,228,158,128,1,-1,-1,-1
790,0,280,228,158,128,1,-1,-1,-1
791,0,280,228,158,128,1,-1,-1,-1
792,0,280,228,158,128,1,-1,-1,-1
793,0,280,228,158,128,1,-1,-1,-1
794,0,280,228,158,128,1,-1,-1,-1
795,0,280,228,158,128,1,-1,-1,-1
796,0,280,228,158,128,1,-1,-1,-1
797,0,280,228,158,128,1,-1,-1,-1
798,0,280,228,158,128,1,-1,-1,-1
799,0,280,228,158,128,1,-1,-1,-1
800,0,280,228,158,128,1,-1,-1,-1
801,0,280,228,158,128,1,-1,-1,-1
802,0,280,228,158,128,1,-1,-1,-1
803,0,280,228,158,128,1,-1,-1,-1
804,0,280,228,158,128,1,-1,-1,-1
805,0,280,228,158,128,1,-1,-1,-1
806,0,280,228,158,128,1,-1,-1,-1
807,0,280,228,158,128,1,-1,-1,-1
808,0,280,228,158,128,1,-1,-1,-1
809,0,280,228,158,128,1,-1,-1,-1
810,0,280,228,158,128,1,-1,-1,-1
811,0,280,228,158,128,1,-1,-1,-1
812,0,280,228,158,128,1,-1,-1,-1
813,0,280,228,158,128,1,-1,-1,-1
814,0,280,228,158,128,1,-1,-1,-1
815,0,280,228,158,128,1,-1,-1,-1
816,0,280,228,158,128,1,-1,-1,-1
817,0,280,228,158,128,1,-1,-1,-1
818,0,280,228,158,128,1,-1,-1,-1
819,0,280,228,158,128,1,-1,-1,-1
820,0,280,228,158,128,1,-1,-1,-1
821,0,280,228,158,128,1,-1,-1,-1
822,0,280,228,158,128,1,-1,-1,-1
823,0,280,228,158,128,1,-1,-1,-1
824,0,280,228,158,128,1,-1,-1,-1
825,0,280,228,158,128,1,-1,-1,-1
826,0,280,228,158,128,1,-1,-1,-1
827,0,280,228,158,128,1,-1,-1,-1
828,0,280,228,158,128,1,-1,-1,-1
829,0,280,228,158,128,1,-1,-1,-1
830,0,280,228,158,128,1,-1,-1,-1
831,0,280,228,158,128,1,-1,-1,-1
832,0,280,228,158,128,1,-1,-1,-1
833,0,280,228,158,128,1,-1,-1,-1
834,0,280,228,158,128,1,-1,-1,-1
835,0,280,228,158,128,1,-1,-1,-1
836,0,280,228,158,128,1,-1,-1,-1
837,0,280,228,158,128,1,-1,-1,-1
838,0,280,228,158,128,1,-1,-1,-1
839,0,280,228,158,128,1,-1,-1,-1
840,0,280,228,158,128,1,-1,-1,-1
841,0,280,228,158,128,1,-1,-1,-1
842,0,280,228,158,128,1,-1,-1,-1
843,0,280,228,158,128,1,-1,-1,-1
844,0,280,228,158,128,1,-1,-1,-1
845,0,280,228,158,128,1,-1,-1,-1
846,0,280,228,158,128,1,-1,-1,-1
847,0,280,228,158,128,1,-1,-1,-1
848,0,280,228,158,128,1,-1,-1,-1
849,0,280,228,158,128,1,-1,-1,-1
850,0,280,228,158,128,1,-1,-1,-1
851,0,280,228,158,128,1,-1,-1,-1
852,0,280,228,158,128,1,-1,-1,-1
853,0,280,228,158,128,1,-1,-1,-1
854,0,280,228,158,128,1,-1,-1,-1
855,0,280,228,158,128,1,-1,-1,-1
856,0,280,228,158,128,1,-1,-1,-1
857,0,280,228,158,128,1,-1,-1,-1
858,0,280,228,158,128,1,-1,-1,-1
859,0,280,228,158,128,1,-1,-1,-1
860,0,280,228,158,128,1,-1,-1,-1
861,0,280,228,158,128,1,-1,-1,-1
862,0,280,228,158,128,1,-1,-1,-1
863,0,280,228,158,128,1,-1,-1,-1
864,0,280,228,158,128,1,-1,-1,-1
865,0,280,228,158,128,1,-1,-1,-1
866,0,280,228,158,128,1,-1,-1,-1
867,0,280,228,158,128,1,-1,-1,-1
868,0,280,228,158,128,1,-1,-1,-1
869,0,280,228,158,128,1,-1,-1,-1
870,0,280,228,158,128,1,-1,-1,-1
871,0,280,228,158,128,1,-1,-1,-1
872,0,280,228,158,128,1,-1,-1,-1
873,0,280,228,158,128,1,-1,-1,-1
874,0,280,228,158,128,1,-1,-1,-1
875,0,280,228,158,128,1,-1,-1,-1
876,0,280,228,158,128,1,-1,-1,-1
877,0,280,228,158,128,1,-1,-1,-1
878,0,280,228,158,128,1,-1,-1,-1
879,0,280,228,158,128,1,-1,-1,-1
880,0,280,228,158,128,1,-1,-1,-1
881,0,280,228,158,128,1,-1,-1,-1
882,0,280,228,158,128,1,-1,-1,-1
883,0,280,228,158,128,1,-1,-1,-1
884,0,280,228,158,128,1,-1,-1,-1
885,0,280,228,158,128,1,-1,-1,-1
886,0,280,228,158,128,1,-1,-1,-1
887,0,280,228,158,128,1,-1,-1,-1
888,0,280,228,158,128,1,-1,-1,-1
889,0,280,228,158,128,1,-1,-1,-1
890,0,280,228,158,128,1,-1,-1,-1
891,0,280,228,158,128,1,-1,-1,-1
892,0,280,228,158,128,1,-1,-1,-1
893,0,280,228,158,128,1,-1,-1,-1
894,0,280,228,158,128,1,-1,-1,-1
895,0,280,228,158,128,1,-1,-1,-1
896,0,280,228,158,128,1,-1,-1,-1
897,0,280,228,158,128,1,-1,-1,-1
898,0,280,228,158,128,1,-1,-1,-1
899,0,280,228,158,128,1,-1,-1,-1
900,0,280,228,158,128,1,-1,-1,-1
901,0,280,228,158,128,1,-1,-1,-1
902,0,280,228,158,128,1,-1,-1,-1
903,0,280,228,158,128,1,-1,-1,-1
904,0,280,228,158,128,1,-1,-1,-1
905,0,280,228,158,128,1,-1,-1,-1
906,0,280,228,158,128,1,-1,-1,-1
907,0,280,228,158,128,1,-1,-1,-1
908,0,280,228,158,128,1,-1,-1,-1
909,0,280,228,158,128,1,-1,-1,-1
910,0,280,228,158,128,1,-1,-1,-1
911,0,280,228,158,128,1,-1,-1,-1
912,0,280,228,158,128,1,-1,-1,-1
913,0,280,228,158,128,1,-1,-1,-1
914,0,280,228,158,128,1,-1,-1,-1
915,0,280,228,158,128,1,-1,-1,-1
916,0,280,228,158,128,1,-1,-1,-1
917,0,280,228,158,128,1,-1,-1,-1
918,0,280,228,158,128,1,-1,-1,-1
919,0,280,228,158,128,1,-1,-1,-1
920,0,280,228,158,128,1,-1,-1,-1
921,0,280,228,158,128,1,-1,-1,-1
922,0,280,228,158,128,1,-1,-1,-1
923,0,280,228,158,128,1,-1,-1,-1
924,0,280,228,158,128,1,-1,-1,-1
925,0,280,228,158,128,1,-1,-1,-1
926,0,280,228,158,128,1,-1,-1,-1
927,0,280,228,158,128,1,-1,-1,-1
928,0,280,228,158,128,1,-1,-1,-1
929,0,280,228,158,128,1,-1,-1,-1
930,0,280,228,158,128,1,-1,-1,-1
931,0,280,228,158,128,1,-1,-1,-1
932,0,280,228,158,128,1,-1,-1,-1
933,0,280,228,158,128,1,-1,-1,-1
934,0,280,228,158,128,1,-1,-1,-1
935,0,280,228,158,128,1,-1,-1,-1
936,0,280,228,158,128,1,-1,-1,-1
937,0,280,228,158,128,1,-1,-1,-1
938,0,280,228,158,128,1,-1,-1,-1
939,0,280,228,158,128,1,-1,-1,-1
940,0,280,228,158,128,1,-1,-1,-1
941,0,280,228,158,128,1,-1,-1,-1
942,0,280,228,158,128,1,-1,-1,-1
943,0,280,228,158,128,1,-1,-1,-1
944,0,280,228,158,128,1,-1,-1,-1
945,0,280,228,158,128,1,-1,-1,-1
946,0,280,228,158,128,1,-1,-1,-1
947,0,280,228,158,128,1,-1,-1,-1
948,0,280,228,158,128,1,-1,-1,-1
949,0,280,228,158,128,1,-1,-1,-1
950,0,280,228,158,128,1,-1,-1,-1
951,0,280,228,158,128,1,-1,-1,-1
952,0,280,228,158,128,1,-1,-1,-1
953,0,280,228,158,128,1,-1,-1,-1
954,0,280,228,158,128,1,-1,-1,-1
955,0,280,228,158,128,1,-1,-1,-1
956,0,280,228,158,128,1,-1,-1,-1
957,0,280,228,158,128,1,-1,-1,-1
958,0,280,228,158,128,1,-1,-1,-1
959,0,280,228,158,128,1,-1,-1,-1
960,0,280,228,158,128,1,-1,-1,-1
961,0,280,228,158,128,1,-1,-1,-1
962,0,280,228,158,128,1,-1,-1,-1
963,0,280,228,158,128,1,-1,-1,-1
964,0,280,228,158,128,1,-1,-1,-1
965,0,280,228,158,128,1,-1,-1,-1
966,0,280,228,158,128,1,-1,-1,-1
967,0,280,228,158,128,1,-1,-1,-1
968,0,280,228,158,128,1,-1,-1,-1
969,0,280,228,158,128,1,-1,-1,-1
970,0,280,228,158,128,1,-1,-1,-1
971,0,280,228,158,128,1,-1,-1,-1
972,0,280,228,158,128,1,-1,-1,-1
973,0,280,228,158,128,1,-1,-1,-1
974,0,280,228,158,128,1,-1,-1,-1
975,0,280,228,158,128,1,-1,-1,-1
976,0,280,228,158,128,1,-1,-1,-1
977,0,280,228,158,128,1,-1,-1,-1
978,0,280,228,158,128,1,-1,-1,-1
979,0,280,228,158,128,1,-1,-1,-1
980,0,280,228,158,128,1,-1,-1,-1
981,0,280,228,158,128,1,-1,-1,-1
982,0,280,228,158,128,1,-1,-1,-1
983,0,280,228,158,128,1,-1,-1,-1
984,0,280,228,158,128,1,-1,-1,-1
985,0,280,228,158,128,1,-1,-1,-1
986,0,280,228,158,128,1,-1,-1,-1
987,0,280,228,158,128,1,-1,-1,-1
988,0,280,228,158,128,1,-1,-1,-1
989,0,280,228,158,128,1,-1,-1,-1
990,0,280,228,158,128,1,-1,-1,-1
991,0,280,228,158,128,1,-1,-1,-1
992,0,280,228,158,128,1,-1,-1,-1
993,0,280,228,158,128,1,-1,-1,-1
994,0,280,228,158,128,1,-1,-1,-1
995,0,280,228,158,128,1,-1,-1,-1
996,13,0,227,194,104,1,-1,-1,-1
996,0,280,228,158,128,1,-1,-1,-1
997,13,26,221,187,100,1,-1,-1,-1
997,0,280,228,158,128,1,-1,-1,-1
998,13,54,214,179,97,1,-1,-1,-1
998,0,280,228,158,128,1,-1,-1,-1
999,13,81,208,172,92,1,-1,-1,-1
999,0,280,228,158,128,1,-1,-1,-1
1000,13,106,204,159,85,1,-1,-1,-1
1000,0,280,228,158,128,1,-1,-1,-1
